customer_id,suburb_name,p01,p02,p03,p04,p05,p06,p07,p08,p09,p10,hardship,contact,t01,t02,t03,t04,t05,f01,f02,f03,f04,f05,f06,f07,f08,f09,f10,f11,f12,f13
R_eqvaSnwkUPEwKz3,Merton,1,1,7,7,7,7,1,1,1,1,1,2,7,7,7,7,7,7,7,7,7,7,7,7,7,7,7,7,7,7
R_50zNvLsNRxFctxj,Wakefield,1,1,1,7,7,7,1,1,1,7,7,7,7,7,7,7,7,7,7,7,7,7,7,7,7,7,7,6,7,7
R_3env6Rl1UGW2m4R,Tarnstead,2,6,3,2,5,1,7,7,6,5,5,2,4,2,1,7,4,4,3,3,7,4,3,4,4,2,2,5,1,4
R_ekUQoN4swTW1yFD,Wakefield,1,1,7,7,7,4,4,3,4,6,1,1,6,2,2,3,6,5,2,2,3,2,3,2,3,3,2,5,2,3
R_bOZJK1TfWhRdCoB,Tarnstead,1,1,7,7,7,7,1,1,2,1,2,1,7,7,7,7,7,7,7,7,7,7,7,7,7,7,7,7,7,7
R_0ceqWwHTFkDgdgh,Tarnstead,1,1,7,7,7,4,4,4,4,4,1,1,6,6,4,2,6,6,6,4,6,4,6,4,1,1,4,6,4,4
R_9FXJesR9vTk2v9r,Wakefield,1,1,7,7,7,7,1,1,1,1,4,1,7,7,7,7,7,7,7,7,7,7,7,7,7,7,7,7,7,7
R_6XteSVu0HloWoFT,Tarnstead,1,1,7,7,7,6,6,3,6,3,5,1,7,1,7,7,4,4,7,6,7,4,4,4,4,4,4,7,4,7
R_42VinyQNyFUVkPj,Merton,3,2,3,4,1,2,2,1,2,3,4,4,6,6,5,5,6,6,6,6,5,6,7,7,6,4,6,6,5,5
R_0DF4ls1xRj5xpKB,Tarnstead,1,2,4,4,7,5,4,6,4,2,2,1,7,3,2,5,6,4,4,4,4,4,4,4,4,4,4,4,4,4
R_3KsexqBETt7MxIp,Wakefield,1,4,1,7,7,1,7,7,7,7,4,1,7,4,6,5,7,4,7,4,7,6,6,4,4,4,5,7,4,5
R_ahmz8tBKKnH9o7X,Tarnstead,1,1,7,7,7,7,1,1,1,1,1,2,5,4,5,6,5,4,5,7,4,4,4,4,4,4,4,7,4,4
R_ehSR06WTpWqLv0N,Wakefield,1,1,7,7,7,7,3,1,2,1,1,2,7,7,7,7,7,7,7,7,7,7,7,7,7,6,7,7,7,7
R_0Ca4dkXRUibI4zX,Merton,6,2,6,2,3,6,6,6,6,6,7,3,5,1,1,1,2,4,5,4,5,4,5,5,4,2,4,5,2,2
R_b9oVgKPyeUCMs29,Merton,2,6,6,6,6,6,3,3,3,2,2,2,4,5,5,5,5,5,5,5,5,4,5,4,5,5,5,6,5,5
R_42YYs71N42fjvGl,Wakefield,2,1,5,6,7,4,3,2,3,2,1,1,7,7,6,6,4,6,7,6,6,5,7,6,5,6,4,6,4,7
R_4ZtZ5xTXm2ButA9,Wakefield,1,1,7,7,7,5,3,2,2,1,1,1,7,6,6,6,6,6,6,6,6,6,6,5,6,6,5,6,7,5
R_7973uT3ayU8g7nD,Tarnstead,7,7,4,2,6,1,7,4,7,7,1,1,1,1,1,1,1,1,1,1,1,1,1,1,1,1,1,1,1,1
R_a44PZRccGLwPGvz,Wakefield,2,2,5,6,7,4,6,4,6,5,2,1,7,6,4,6,6,6,6,7,6,7,6,6,5,6,6,7,6,6
R_2aGW20PUc3ZcqR7,Wakefield,1,1,7,7,7,7,1,1,1,1,2,1,7,6,4,1,6,6,5,3,4,1,3,4,4,1,4,3,4,2
R_3q8frUaJqvFcwLz,Tarnstead,1,1,7,6,7,5,4,2,2,4,1,3,7,7,7,4,7,7,6,3,6,7,7,3,4,4,5,7,7,7
R_9QxZ8jyrUMDqvA1,Wakefield,1,2,7,7,7,5,5,3,5,2,2,1,6,6,6,6,6,5,6,4,5,4,5,4,4,6,4,6,4,6
R_1MpT5RGSfePXPSt,Merton,1,4,7,7,7,4,4,4,4,4,1,1,7,4,7,4,7,4,7,4,7,4,7,4,4,7,4,7,4,4
R_0p3ppdVnTZbNaqp,Merton,2,2,6,6,7,5,4,4,5,4,2,1,6,6,5,6,6,5,6,6,6,6,6,5,6,5,5,6,5,6
R_2afuDr8p24pmpPT,Tarnstead,1,1,6,7,5,5,3,4,5,3,6,1,7,4,4,3,6,5,6,6,6,5,6,5,6,5,6,5,6,6
R_08ptB3gmZgCsVI9,Tarnstead,1,1,6,7,7,5,4,3,4,3,1,1,7,7,7,6,7,7,7,4,7,4,7,4,4,4,4,7,4,7
R_8uoXmNLngytfnut,Merton,1,1,7,7,7,7,1,1,1,1,5,2,7,7,7,6,6,6,6,7,6,7,7,7,6,6,6,7,7,6
R_eSgClPtT0qZu7Wd,Wakefield,7,7,1,7,1,1,7,7,1,1,5,1,7,7,6,7,7,5,6,7,7,5,6,5,5,5,5,5,5,5
R_2tSRp9bgPTS7usd,Wakefield,7,1,7,7,7,7,7,1,7,1,5,1,7,2,1,2,5,3,1,1,1,1,1,1,1,7,1,3,1,1
R_8ppdnxm3OZa1xVb,Tarnstead,1,1,7,7,7,5,4,2,3,4,1,1,7,7,7,6,7,4,4,4,5,4,4,4,4,4,4,4,4,4
R_czFORnQ9iB3fw7b,Tarnstead,6,2,6,2,5,1,7,7,7,4,2,2,5,4,5,2,5,5,4,5,6,5,6,4,6,4,3,4,2,3
R_8H4YKKJV4wgFUdn,Wakefield,2,3,7,6,7,4,3,2,4,5,2,2,6,5,5,5,5,5,5,6,6,4,6,4,4,4,4,6,4,4
R_eA8mePlxCEREDDT,Merton,1,3,4,7,7,1,7,3,7,7,6,1,6,7,6,4,6,4,5,3,6,3,5,2,3,4,1,5,6,2
R_aguCe31PfmCSPT7,Wakefield,2,6,2,2,1,3,6,6,5,7,2,3,6,5,5,3,6,4,6,5,4,7,5,5,3,4,5,2,6,4
R_1NOwtLtBXBYnHgx,Wakefield,4,2,4,5,7,4,5,4,4,4,2,1,5,5,5,5,5,5,5,5,5,5,5,5,5,5,5,5,5,5
R_9RdfgC1Z1N2J6g5,Tarnstead,2,2,6,6,6,5,3,3,3,3,4,2,5,4,4,4,5,4,4,4,4,4,4,4,4,4,4,4,4,4
R_38JiiPeuBjlu4VT,Merton,1,1,7,7,7,5,6,4,7,2,2,2,7,6,6,6,7,4,7,7,7,7,7,7,4,5,4,5,6,7
R_eRT0QeQwYfZA6Xz,Tarnstead,2,3,7,7,7,2,6,5,6,6,3,3,7,6,7,2,5,7,7,7,7,7,7,6,3,6,6,7,6,7
R_8J5MHkVy8XFhbLv,Wakefield,1,1,5,5,5,4,4,3,4,4,1,1,6,4,6,6,6,6,4,5,5,4,4,4,4,4,4,6,6,5
R_bD9qdbZSsIavJXL,Merton,1,1,7,7,7,6,3,3,2,4,1,2,7,7,7,6,7,6,7,5,7,6,7,5,5,5,5,5,4,5
R_a47wUHxGAuot1qJ,Wakefield,1,1,7,7,7,7,1,1,1,1,3,3,7,7,7,7,7,7,7,7,7,7,7,7,7,7,7,7,7,7
R_0w8MqYSDzcLXFk1,Wakefield,1,1,7,7,7,1,7,7,4,4,4,1,7,3,7,4,3,5,6,5,4,5,4,4,4,6,4,4,4,6
R_38koPjUixZzh0Fv,Wakefield,7,4,2,1,1,1,1,7,3,2,4,1,7,6,6,7,7,4,7,7,7,7,5,5,7,4,7,7,7,7
R_8Gj8wdKdKJFu2u9,Merton,5,4,4,4,4,5,4,4,4,4,6,5,6,6,6,6,5,5,6,5,6,6,6,5,5,6,6,6,5,5
R_bKt4gf4ktiWy7nn,Wakefield,1,2,6,7,7,6,3,3,3,1,4,4,6,4,4,2,2,4,5,4,5,4,4,4,4,4,4,3,4,2
R_6M2YKn0ypBBnGPr,Tarnstead,7,1,1,1,4,1,7,7,7,7,1,1,4,4,4,4,4,4,4,4,4,4,4,4,4,4,4,4,4,4
R_9EJIasNz5XcHvBr,Tarnstead,1,2,7,7,7,6,3,3,2,1,1,1,7,7,7,7,7,6,7,6,7,6,6,6,7,6,6,5,6,6
R_cSlruGywJvP2fQ1,Tarnstead,1,2,6,7,7,6,2,2,3,2,3,2,6,6,5,6,5,5,5,5,5,5,5,5,4,4,5,5,5,5
R_cwNghMquznMPK9D,Wakefield,2,1,6,6,6,4,4,3,4,4,2,1,7,6,5,5,5,3,2,2,7,4,2,2,5,2,6,6,2,2
R_cCFOUyVPUCLUHQx,Wakefield,1,1,5,1,1,7,7,4,4,4,6,1,6,3,3,3,6,5,6,4,4,4,4,6,4,4,4,6,4,4
R_4G6JlXmVzkq49ox,Merton,1,1,6,7,7,7,1,1,2,1,7,7,7,7,7,7,6,7,7,6,6,6,7,7,7,7,6,6,6,7
R_a5XS6Db0Mlss83X,Merton,1,4,4,6,6,4,4,4,6,4,2,3,7,4,7,5,4,2,4,4,4,4,4,4,4,4,4,3,4,4
R_6QBo7SzN8p50qhv,Wakefield,1,1,5,7,7,5,4,4,4,2,1,1,6,6,5,3,3,4,6,4,5,4,4,4,4,4,4,5,4,5
R_bjG79vbemIWt0j3,Tarnstead,7,4,6,7,7,5,3,4,4,4,2,1,6,6,6,5,6,6,6,6,6,6,7,6,6,6,5,6,6,6
R_cHlH7XkaGl0QTdj,Merton,1,3,3,7,7,4,6,5,7,4,4,1,7,3,3,3,3,4,5,4,4,4,4,4,4,4,4,4,4,4
R_6EZCIKcXiyzWlg1,Wakefield,1,1,7,7,7,5,2,1,3,1,1,1,7,7,7,7,7,7,7,7,7,7,7,7,7,7,7,7,7,7
R_2sMp1eiMIFw47mB,Tarnstead,1,1,7,7,7,1,7,7,4,4,2,1,7,7,6,6,7,7,7,6,4,4,6,4,4,4,4,6,4,4
R_becyZz8dMrCUjpX,Tarnstead,2,2,4,7,7,4,4,3,7,4,2,1,7,7,7,6,7,7,7,6,7,5,6,7,4,6,7,7,6,7
R_0obrjwH303ss09D,Tarnstead,1,1,7,7,7,7,6,1,1,4,6,2,4,3,5,1,2,2,4,4,6,3,3,4,3,3,3,3,1,2
R_cu8oj6wXuwjGFQV,Tarnstead,1,1,7,7,7,7,7,1,1,1,1,2,7,7,7,7,7,7,7,6,7,7,7,7,7,7,7,7,7,7
R_5gJXP5wyiEYsJSJ,Merton,1,1,7,7,7,7,1,1,1,1,2,3,6,5,6,5,6,6,6,6,6,6,5,6,6,4,6,6,5,6
R_0kPRBQiNpoOs84Z,Wakefield,1,1,7,7,7,1,3,5,7,3,1,2,7,2,5,4,3,5,7,7,7,4,7,4,1,6,1,6,3,2
R_8AFf7FAcnepU6H3,Wakefield,1,7,7,7,7,7,7,7,7,7,1,1,7,7,6,5,6,4,4,4,4,4,6,4,4,4,4,4,4,4
R_6rRLptjHISkztwV,Tarnstead,1,1,7,7,7,7,1,1,1,1,1,3,6,7,7,6,7,7,7,7,7,6,6,6,6,6,6,7,6,7
R_bpfifyYkiUsJVDD,Merton,6,3,2,1,7,5,7,6,6,4,7,1,1,1,7,1,7,1,1,1,7,1,7,7,5,7,7,1,1,1
R_4OyERXvDL74ddop,Merton,4,4,5,3,6,3,6,7,5,4,1,1,5,1,1,1,5,5,4,4,4,4,5,4,4,3,4,5,4,4
R_1HQfRGd0nVWwADj,Wakefield,1,3,6,3,7,5,4,4,5,3,7,2,7,3,6,3,3,4,4,4,4,3,4,5,3,1,4,4,5,4
R_bvYi8stJiE1xbcV,Tarnstead,1,1,7,7,7,6,2,1,1,1,6,1,7,7,7,7,5,5,6,6,6,6,6,4,6,6,6,6,6,6
R_d6XPeEDlLZPUT1H,Tarnstead,1,1,4,7,7,4,4,4,4,4,3,1,7,6,7,4,4,5,4,4,4,4,4,4,4,4,4,6,4,4
R_1XJ4gFwuxUQJnVj,Merton,1,1,7,7,7,5,6,3,5,3,1,1,7,5,6,5,5,6,7,7,6,7,7,7,6,6,6,6,6,6
R_bfHvHHZn8FsPUVv,Tarnstead,4,4,4,4,4,4,4,4,4,4,7,1,4,4,4,4,4,4,4,4,4,4,4,4,4,4,4,4,4,4
R_ebKHaTJXjbMrHrn,Merton,1,3,7,7,7,7,1,6,1,6,5,1,7,4,6,7,5,7,4,6,6,5,6,6,7,5,6,6,3,1
R_6kQFL74VpkzT06F,Wakefield,1,1,7,7,7,6,2,1,1,1,1,1,7,7,7,7,7,6,7,6,6,4,6,5,4,5,4,6,6,5
R_aWZt8fXvLYAauhf,Tarnstead,2,2,5,7,1,6,4,2,4,3,1,2,7,7,6,6,6,4,7,6,7,6,7,6,4,6,6,6,6,6
R_bDZU9gAQzZvtasZ,Tarnstead,1,6,7,7,7,6,2,3,6,6,1,1,7,6,3,6,7,7,6,4,6,4,6,4,4,4,4,6,4,6
R_2srJjTbJJi20QwB,Wakefield,7,6,7,1,1,4,4,5,4,6,2,1,7,7,6,7,3,5,7,4,5,4,7,7,3,3,4,1,4,4
R_cJjgv8WYAfgr9Rj,Merton,2,3,4,4,4,4,4,3,4,4,1,1,5,4,3,5,4,4,6,5,5,4,5,4,5,5,5,5,3,4
R_0obv5dWLCC96QwB,Tarnstead,1,1,7,7,7,4,4,4,4,1,4,1,7,5,5,4,6,6,5,4,6,4,6,4,4,5,4,6,4,6
R_d1pRTWTIxFd9WUR,Merton,4,4,3,3,2,3,5,6,5,4,2,2,6,2,4,2,6,6,6,5,6,6,6,6,5,5,6,4,6,5
R_eV9IhrrtXupmG5n,Wakefield,1,3,6,6,7,7,4,2,3,2,5,1,7,6,7,7,6,5,6,7,5,4,6,6,6,5,7,5,5,2
R_77K3bgPETdsYBUN,Wakefield,1,1,6,7,7,5,3,1,3,3,3,1,6,5,5,5,6,4,4,4,5,4,5,4,4,4,4,3,4,4
R_cVcNukMX93mCCK9,Tarnstead,1,1,7,7,7,6,2,1,2,2,2,1,7,7,7,7,7,7,7,4,7,4,7,4,4,4,4,7,4,4
R_2rzlBIdPEusTWYt,Tarnstead,1,2,5,6,7,4,4,2,4,4,1,1,7,7,7,7,7,7,7,4,7,4,7,4,4,4,4,7,4,7
R_8hUDoqEXpwsXFt3,Merton,1,1,7,7,7,7,6,1,1,2,2,1,7,4,6,6,6,5,5,4,4,4,5,4,4,4,4,5,4,3
R_9FQZAq2OSi576AJ,Tarnstead,1,1,7,7,7,4,5,2,4,2,3,1,6,4,6,5,5,4,5,3,6,3,5,4,3,2,2,5,4,3
R_cUgmhCsMXzBS6C9,Tarnstead,1,1,7,7,7,7,1,1,1,1,1,3,6,6,6,6,6,6,6,6,6,6,6,6,6,6,6,6,6,6
R_6inkyKEW7qNGhMN,Wakefield,1,1,7,7,7,7,1,1,1,1,1,1,7,7,7,7,7,6,7,6,7,6,6,6,6,6,6,6,6,6
R_5BhNy4k3DtZVKgl,Merton,1,3,6,7,5,5,4,2,4,5,1,1,7,7,7,6,7,7,7,7,7,4,7,7,7,7,7,7,7,7
R_6GnCJG0hB7TEOep,Tarnstead,4,3,5,6,6,3,6,4,6,6,1,3,7,7,7,6,7,7,7,6,7,6,7,6,5,5,5,7,5,6
R_87gXsnFfltUhSXr,Merton,5,4,5,6,5,4,4,3,6,5,2,2,4,5,3,4,6,5,5,5,4,5,4,3,5,6,6,3,4,4
R_9QzpVORAEwX6zhH,Wakefield,1,1,7,7,7,7,1,1,1,1,1,1,7,6,7,6,7,7,7,7,7,7,7,7,7,7,7,7,7,7
R_cByUffBPN24Ghrn,Wakefield,1,2,7,7,7,5,4,4,4,3,6,3,7,5,4,4,6,6,6,6,6,6,6,6,6,5,6,5,6,5
R_1yR43O7k5rHnHQV,Merton,7,7,4,1,1,4,7,7,4,7,1,1,7,7,1,1,7,6,4,4,4,4,7,4,4,4,4,4,4,1
R_etk5hcryAnUFRtz,Merton,1,1,7,7,7,2,6,5,6,7,5,1,7,5,7,6,7,6,6,6,7,6,7,6,6,6,6,5,6,7
R_8CcmF0AvEKQo4kJ,Wakefield,1,1,7,7,7,4,4,4,4,4,3,1,7,7,7,7,5,4,5,4,4,4,4,4,4,4,4,5,4,4
R_6J8GVgWTFjpCMZf,Tarnstead,2,4,4,4,4,1,7,4,7,7,1,1,7,7,7,7,7,7,7,7,7,7,7,7,7,7,7,7,7,7
R_8v5HySrY2ytDgSF,Wakefield,2,5,4,7,7,2,6,1,7,6,1,1,7,3,4,3,6,4,6,4,5,4,6,4,4,2,4,7,4,4
R_1MufunByUbzR74p,Tarnstead,1,1,7,7,7,7,1,1,1,1,6,2,7,7,7,7,7,7,7,6,7,6,6,5,2,6,5,6,5,6
R_8bISLu9SripBKMl,Wakefield,1,1,7,7,7,4,4,4,4,4,4,1,7,7,6,7,7,4,6,4,7,4,7,4,4,6,4,4,4,4
R_8HsQCDba2o3QWCF,Wakefield,1,1,7,7,7,4,4,2,4,4,4,1,7,6,6,6,3,6,7,4,6,6,6,4,6,6,6,7,6,6
R_2mLaBECS2fDUI5v,Merton,1,1,7,7,7,5,4,6,4,6,4,1,7,6,4,5,4,4,4,4,7,4,4,4,4,4,4,4,4,4
R_42ZgNAK0bHDrRqZ,Merton,5,4,4,4,4,7,7,7,7,1,1,2,6,6,4,6,6,7,6,7,6,7,6,5,4,4,6,7,6,6
R_dj99tdfpkgnHClf,Tarnstead,1,2,6,6,7,6,2,2,2,2,1,2,7,6,6,6,7,7,6,7,7,7,7,7,6,6,6,7,7,7
R_baagaKwQaVB4G8J,Tarnstead,1,1,7,7,7,6,4,1,4,3,4,1,7,7,7,7,7,4,7,4,7,4,7,4,4,4,4,4,4,4
R_b1R79XD2BfjZ7Dv,Wakefield,1,1,7,7,7,5,3,1,3,2,1,2,7,7,7,7,7,7,7,7,7,7,7,7,7,7,7,7,7,7
R_9Sldip5IRRY7N1H,Merton,6,5,5,5,6,7,5,4,7,6,2,1,7,6,6,7,4,7,7,7,5,6,7,7,6,7,6,6,5,7
R_efaATT0wvRBROrX,Merton,5,5,6,7,7,3,6,4,6,3,1,1,4,4,4,5,4,3,3,4,4,4,4,3,3,4,3,4,4,4
R_0fiw9NjMUcnyXat,Wakefield,5,6,2,2,2,2,6,6,6,6,2,1,5,1,5,2,5,5,5,4,5,4,5,4,4,4,4,5,4,5
R_3z4x4kkj7FollFr,Tarnstead,1,4,4,7,7,5,2,2,4,4,1,1,6,5,4,3,4,4,5,4,5,4,4,4,4,5,4,1,5,4
R_d0Z8PMemA59EnOJ,Wakefield,7,7,1,1,1,5,7,7,7,7,2,2,7,7,6,6,6,7,7,7,7,7,7,7,7,7,7,7,7,7
R_6FooFC8wzCqFxD7,Merton,3,4,5,6,6,4,4,4,5,4,2,2,7,5,7,4,7,7,7,7,7,7,7,6,7,7,7,7,6,6
R_089ITqfJ8KWmDRP,Merton,1,1,7,7,7,4,6,7,4,4,1,1,7,6,7,5,5,7,7,7,6,7,7,7,6,6,7,7,7,7
R_4Yge6acdg4jaKEd,Merton,1,1,7,7,1,7,3,2,4,1,1,2,7,7,7,5,7,7,6,6,6,6,6,6,4,7,6,7,4,7
R_2tcf6mYC2NdV7Ex,Tarnstead,1,1,4,7,7,2,3,3,7,3,2,1,7,7,7,7,7,4,7,4,7,4,4,4,4,4,4,4,4,4
R_0HATfOTLsRhgVNz,Wakefield,1,1,6,7,7,1,4,5,7,4,4,1,7,5,7,2,6,6,7,7,5,4,6,6,6,3,7,7,4,6
R_b26EKYQOcZlLpE9,Wakefield,1,4,7,7,7,4,4,4,4,4,1,1,6,3,3,2,6,4,4,4,4,4,4,4,4,2,4,6,6,5
R_cZIQpU7FgmTi5j7,Wakefield,1,2,7,7,7,5,4,2,2,2,5,4,7,6,6,6,6,6,6,6,6,6,5,5,6,6,6,6,6,6
R_a3jRbInJYQ2zVL7,Merton,1,2,3,5,7,1,7,6,7,6,1,1,7,1,1,2,6,4,6,4,6,4,4,4,4,4,4,4,4,4
R_6hEXx2XbHjUnSMR,Tarnstead,6,2,6,6,7,5,4,4,4,3,2,1,6,7,5,5,6,6,6,6,7,6,6,4,4,4,5,6,6,6
R_dj34KrmHiqlR6fP,Tarnstead,1,2,6,5,7,5,4,3,4,3,1,2,6,5,5,5,5,5,5,5,5,5,5,5,5,5,5,6,6,6
R_4SeH9onzVJdReEB,Wakefield,3,3,5,5,6,6,6,4,4,5,1,1,4,4,4,2,4,4,4,4,4,4,4,4,4,4,4,4,4,4
R_5asP3dL6Haug7Xf,Merton,1,1,7,7,7,4,4,4,4,4,1,1,6,7,7,7,7,6,7,4,5,4,4,7,5,1,4,6,7,5
R_e9E4TysuSTONd3L,Wakefield,1,1,7,7,7,7,1,1,1,1,7,1,4,4,3,1,4,3,6,1,5,5,4,2,1,1,3,3,7,1
R_eWZxDEAEt3lrN0V,Tarnstead,1,1,4,7,6,4,4,1,4,4,3,2,6,6,6,6,6,4,6,4,6,4,6,4,4,4,4,4,4,4
R_cOTIGk4JF9Obknb,Wakefield,1,1,5,7,7,4,2,3,3,3,5,1,7,7,7,7,7,3,7,5,5,6,6,6,4,5,5,1,6,5
R_79bMoEssk6M2NTf,Wakefield,1,1,7,7,7,5,5,1,3,1,1,1,7,6,6,3,6,4,6,4,5,4,6,4,4,4,4,6,4,6
R_38e51doHDPLBNg9,Merton,3,3,5,5,5,5,5,3,4,3,5,2,4,3,3,3,4,3,4,5,4,5,4,5,5,4,4,4,4,4
R_8ewrRLwB6Q58F8N,Wakefield,4,4,4,4,4,7,7,7,7,7,1,1,7,7,3,5,6,4,6,4,6,4,4,4,4,3,4,4,4,4
R_0cCtfey5CeJz5KB,Wakefield,1,1,6,7,7,6,3,1,4,2,4,1,5,4,5,4,5,4,4,4,4,4,4,4,4,4,3,4,4,4
R_6hd0bq8iUWPp3xz,Tarnstead,1,1,7,7,7,1,7,4,7,7,1,1,7,6,5,5,7,4,4,4,4,4,7,4,4,4,4,2,4,5
R_etznzXrQnSaekfP,Merton,1,2,7,7,7,4,3,2,4,3,2,3,6,2,6,1,5,6,5,5,4,4,4,4,4,4,4,5,4,4
R_0poZyWeMfeeWvnT,Tarnstead,2,3,6,6,6,5,5,4,5,4,4,2,4,4,5,4,5,5,5,4,4,5,4,5,5,4,5,5,5,5
R_25GtvKPYWO3FGHr,Wakefield,4,2,7,7,6,6,3,2,6,2,4,1,6,5,5,5,4,4,4,4,4,4,4,4,4,4,4,4,4,4
R_1LeL2NL3WGW3wr3,Wakefield,2,2,6,6,7,5,6,3,5,3,5,2,6,6,6,6,6,6,6,6,6,6,6,6,6,6,6,6,6,6
R_3Wq4VAEnc53RYsR,Wakefield,1,1,7,7,7,1,7,1,7,7,1,1,7,7,7,7,7,4,7,4,7,4,7,4,4,4,4,4,4,4
R_8AM9n59q9tqC8Sh,Merton,3,3,5,4,6,4,4,6,4,4,1,2,5,3,3,2,4,4,5,5,5,5,5,5,5,4,5,5,5,5
R_3rX7Coar9Wlclzn,Merton,1,1,7,7,7,7,1,1,1,1,6,5,5,6,6,6,7,6,5,6,5,6,5,7,6,7,5,7,6,6
R_cA4RgqQ1RzOzLtH,Wakefield,1,1,6,7,7,6,3,1,3,3,4,2,7,5,7,7,6,5,7,4,7,6,7,4,6,4,4,5,4,5
R_2c9okGA72RUiJCt,Tarnstead,1,1,5,7,6,1,7,6,4,3,2,1,7,7,7,6,6,6,7,4,6,4,6,4,4,6,4,6,4,6
R_ekUEMU2KuIPEuZD,Wakefield,1,2,4,7,7,3,6,4,6,7,1,1,7,7,7,3,7,6,6,5,6,5,6,4,4,5,4,6,4,6
R_cO99adLOWnaxJqt,Tarnstead,1,1,7,7,7,3,5,3,4,5,1,1,6,6,7,4,7,4,3,1,5,5,3,2,3,1,2,4,4,3
R_doFlIeEEh5kdO8B,Tarnstead,3,3,5,6,6,2,6,4,5,6,1,1,7,7,6,6,7,6,6,5,7,4,6,4,4,5,4,6,4,6
R_bNiWi08baRDwsxn,Merton,1,1,7,7,7,3,5,4,5,2,3,3,6,6,6,5,6,6,6,7,6,6,6,6,6,6,6,6,6,7
R_883iKbHSZJKdxvT,Merton,1,1,7,7,7,7,1,1,1,1,1,2,6,7,7,6,7,7,6,6,7,6,7,7,6,6,7,7,7,7
R_1LaxLuhGutJxH8h,Wakefield,7,7,6,7,7,4,4,4,4,4,4,1,6,4,5,5,6,6,5,5,5,5,6,6,4,4,4,4,5,5
R_07EgnfFFsNEQyTX,Merton,1,4,4,7,7,4,4,4,4,4,1,2,7,4,6,4,6,6,7,7,7,5,7,6,6,4,7,7,6,6
R_eKSIzX8Lt7ctUvX,Tarnstead,1,1,5,7,7,4,4,3,4,3,1,1,7,5,4,5,7,5,4,4,4,4,4,4,4,3,3,5,4,4
R_eW3rvij6gdyHjIV,Wakefield,2,2,6,7,7,2,4,4,4,4,1,1,7,6,2,6,7,6,5,5,6,6,5,4,4,5,4,6,4,6
R_bfLarFi5E7nXQON,Wakefield,3,4,4,4,5,2,5,5,5,3,1,1,6,3,3,4,4,4,6,4,6,4,7,4,4,4,4,4,4,4
R_3vDrjvJH4H9mZTf,Merton,4,3,4,7,7,4,5,4,4,5,1,1,4,4,4,4,4,4,4,4,4,4,4,4,4,4,4,4,4,4
R_3UXY7yLMzaGjZbL,Wakefield,6,6,3,3,4,4,5,6,6,5,4,4,6,4,5,4,5,4,5,5,5,5,4,5,5,4,5,4,5,5
R_0ugHRTHZy8dZZPv,Merton,1,3,5,5,7,3,4,2,7,6,7,2,7,3,7,7,6,7,5,3,3,3,4,2,5,4,4,2,4,2
R_0kWq77T2S7VZEH3,Wakefield,1,1,7,7,7,3,4,3,4,2,1,3,6,6,5,4,5,3,5,4,4,4,4,4,4,4,4,5,4,4
R_1XQRpc7162LNjbT,Wakefield,1,1,7,6,7,6,2,1,3,2,1,1,7,6,6,5,6,4,4,4,4,4,4,4,4,5,4,4,4,4
R_81idW0XTr5iadjn,Tarnstead,3,4,4,6,7,3,6,4,5,4,1,2,7,6,5,4,4,7,7,4,7,4,6,4,4,4,4,5,4,4
R_3auBw1ap2UDwzOZ,Tarnstead,3,4,6,5,6,5,2,4,4,4,7,7,7,7,6,7,7,6,4,5,4,6,4,5,7,7,4,6,7,4
R_e5TVvQY9xjZ0wYt,Wakefield,1,1,5,7,7,2,7,3,6,7,1,1,6,6,6,6,5,6,6,5,6,4,6,4,4,4,4,4,4,4
R_cIVv9beQAinC6dn,Tarnstead,1,2,7,7,7,5,4,3,4,2,1,1,6,6,6,6,6,6,6,6,6,6,6,4,4,6,6,6,4,6
R_afw0MscEL33v6HX,Tarnstead,2,2,5,5,6,6,4,2,4,2,1,3,6,6,6,4,5,5,5,5,5,5,5,5,5,6,5,5,6,6
R_0ct32QPtXB7sOKV,Wakefield,1,1,7,7,7,7,1,2,1,2,4,1,7,5,7,6,5,5,7,5,7,5,7,6,6,6,6,5,5,6
R_6tJwFiIhEBdLfVj,Tarnstead,2,4,5,6,6,1,7,6,6,5,5,1,6,2,1,1,4,3,6,5,6,4,6,4,3,4,5,5,5,3
R_ebbux7xN6gisJGR,Merton,7,7,1,1,4,1,7,7,7,7,4,1,6,2,3,2,4,4,6,4,4,4,4,4,4,4,4,4,4,4
R_bIxwT2c6dwSclUN,Tarnstead,1,1,6,7,7,5,4,5,4,3,5,3,7,1,1,1,6,3,4,3,2,3,4,3,1,3,3,7,2,2
R_3xbwOUEUQmVkOi1,Wakefield,1,1,7,6,7,6,1,2,4,1,5,1,4,5,5,5,5,4,6,5,5,6,6,6,4,5,5,5,6,5
R_5dIMdTilWnlj1Hf,Wakefield,1,3,4,7,7,4,4,6,4,4,1,1,7,4,5,4,3,4,4,4,4,4,4,4,4,4,4,4,4,4
R_0k66T7e9H5j6Usd,Tarnstead,1,2,6,7,7,4,4,2,4,4,2,1,7,7,6,6,6,6,7,6,6,6,6,6,6,6,6,5,6,6
R_benxhc2gjSdsGEd,Merton,1,2,7,7,7,4,4,4,2,2,2,1,7,4,3,3,6,4,4,2,2,2,2,2,2,2,2,4,2,2
R_1BltvTFvBSrKNhP,Tarnstead,7,7,7,1,1,1,7,7,7,7,1,1,7,7,1,7,7,7,7,7,7,7,7,7,7,7,7,7,7,7
R_6mx8hU5H8LDfGtf,Merton,1,1,7,7,7,2,7,7,5,5,6,4,6,1,2,1,1,4,6,4,6,6,4,4,4,4,4,1,3,4
R_aatfC2TvTu21r9z,Tarnstead,1,2,7,7,7,6,4,3,4,3,1,1,6,6,6,6,5,6,6,6,6,6,6,6,6,6,6,4,6,6
R_0uOWEcZGLjqsTOZ,Wakefield,1,1,7,7,7,6,1,1,2,1,1,1,7,7,7,7,7,4,5,4,7,4,4,4,4,4,4,4,4,4
R_abl4ppzhCtWMF0N,Merton,4,5,5,4,6,5,4,6,5,3,4,1,5,4,5,3,6,6,5,5,4,5,4,5,6,5,5,5,4,5
R_6QM5fwb3C5C68DP,Wakefield,5,3,5,7,7,2,7,7,7,3,2,1,6,6,6,6,6,6,6,6,6,6,6,6,6,6,6,6,6,6
R_1HueOxmudVZvyQZ,Tarnstead,1,1,7,7,7,4,4,1,5,4,1,1,7,7,7,7,7,6,7,6,7,7,7,6,6,7,6,7,7,7
R_eb3VEEmKD6pQaWN,Tarnstead,1,1,2,5,6,3,1,1,4,1,7,3,6,6,6,6,6,6,6,6,6,6,6,6,6,6,6,6,6,6
R_6qT6EFXNFdfw3WJ,Tarnstead,3,4,6,5,6,3,6,4,5,3,2,1,6,5,4,4,6,5,4,4,4,4,4,4,4,2,4,5,4,4
R_3EmiLx4d6IuRYzP,Merton,1,1,7,7,7,4,4,4,4,1,4,1,6,3,5,2,3,4,6,4,5,4,4,4,2,1,4,4,4,4
R_2f9eVEc06ZhyPrv,Wakefield,1,1,7,7,7,7,1,1,1,1,1,2,7,7,7,7,7,7,7,7,7,7,7,7,7,7,7,7,7,7
R_daQha8mXBMIUfGJ,Merton,3,2,7,4,7,4,3,3,5,3,4,1,6,6,6,5,6,6,5,6,6,6,6,6,6,4,6,6,5,5
R_6fp73QMtqoTepc9,Tarnstead,2,1,4,7,7,4,7,2,6,4,5,2,5,6,6,4,7,5,7,5,7,4,7,5,5,5,5,5,5,4
R_dnz3k3b6s1X3hvn,Tarnstead,1,1,6,1,1,6,2,6,6,6,1,1,7,7,7,7,7,7,7,6,7,7,7,7,6,7,6,7,6,7
R_bd75C7fVayH01N3,Wakefield,2,2,6,5,6,4,4,5,4,4,4,1,7,5,6,5,5,4,4,4,5,4,4,4,4,4,4,4,4,4
R_6YbLJLc7hRY0RzD,Tarnstead,1,1,5,7,7,6,4,4,4,5,1,1,7,7,7,7,7,4,6,4,7,6,4,4,4,4,4,4,4,4
R_eIGIH0Q43f5ANiB,Wakefield,1,2,6,6,7,3,1,2,5,5,7,2,2,4,3,1,2,4,5,3,4,5,5,4,3,4,3,5,6,3
R_czQatsPMhr66jRz,Merton,1,1,6,7,7,6,1,1,3,1,1,1,7,1,1,4,1,7,7,4,4,4,7,7,7,4,7,7,4,7
R_bPdKqEoNxB3Xbjn,Wakefield,1,1,7,7,7,6,4,1,4,2,1,2,7,5,5,2,7,7,7,7,7,7,7,7,7,7,7,7,7,7
R_aXCtHKoJMXUKV9j,Tarnstead,1,1,7,7,7,5,3,1,1,3,1,2,7,7,4,7,3,6,7,5,7,7,7,7,7,7,7,7,6,6
R_ezzE76rem12TvW5,Tarnstead,3,3,6,5,6,4,5,3,4,4,1,2,6,6,6,3,6,4,6,4,6,5,6,4,4,5,6,6,6,4
R_9S4IuqRavgu5BGt,Tarnstead,2,1,5,7,7,4,4,4,4,4,3,2,5,3,3,3,5,3,5,5,3,5,5,3,3,4,5,5,4,3
R_1RCfwEbf8bJUkIJ,Merton,1,1,7,7,7,4,3,1,3,1,7,4,7,7,5,3,7,4,7,5,6,6,5,6,5,5,4,7,5,5
R_bdRWHElAdXf7T7L,Wakefield,1,4,6,7,7,4,4,4,4,2,2,1,6,6,3,4,4,7,6,4,4,4,6,4,4,5,4,7,5,5
R_00U6jB796KKyowB,Wakefield,1,1,5,7,7,5,4,1,4,5,2,2,6,6,6,6,2,6,6,4,4,4,6,4,2,4,4,5,4,6
R_9ElpnDwICH31WWp,Tarnstead,1,2,6,7,6,6,2,2,2,2,4,1,4,5,4,4,4,4,5,4,4,4,4,4,6,4,4,4,4,4
R_6MeGp3wEfvjLFWd,Merton,1,1,7,7,7,7,1,1,1,1,1,4,7,4,4,4,4,4,4,4,4,4,4,4,4,4,4,4,4,4
R_eS5x59XFWFPaZnf,Wakefield,2,2,5,6,6,2,4,4,6,4,2,2,6,5,5,2,5,6,6,4,6,5,5,4,4,3,4,6,4,4
R_8e9J0htepqg2cWF,Tarnstead,1,1,1,7,7,7,1,1,7,1,7,7,7,7,7,7,7,7,7,7,7,7,7,7,7,7,7,7,7,7
R_1ERDBXf1INVDu4J,Merton,1,1,7,7,7,7,1,1,3,1,1,7,7,7,7,7,7,7,7,7,7,7,7,7,7,7,7,7,7,7
R_07F4LZpiO5wQ7B3,Tarnstead,1,4,4,7,7,4,5,4,4,4,7,1,7,7,4,7,7,3,5,4,7,4,4,4,4,5,2,5,4,4
R_2fWemUNj55RvEOx,Merton,1,1,7,7,7,7,4,7,7,4,4,1,1,2,1,1,1,4,1,1,1,1,1,4,1,4,1,1,1,1
R_5i2z9nZ40gTX5f7,Merton,1,1,7,7,7,4,7,3,5,3,1,2,7,7,5,5,3,6,6,5,6,4,6,7,6,5,5,6,7,6
R_0fenP6szoDe4inr,Tarnstead,3,3,6,6,6,5,4,3,5,4,2,2,7,7,7,7,7,5,6,6,7,6,7,6,4,6,5,6,7,6
R_0qek9QDr53gDV5j,Wakefield,1,1,7,7,7,7,3,4,7,3,4,2,6,1,4,4,4,4,4,4,4,4,4,4,4,4,4,4,4,4
R_0cThI07LrDIVRd3,Tarnstead,1,1,4,7,7,1,7,4,7,4,1,1,7,7,7,7,3,7,7,4,7,4,7,4,4,4,4,7,7,7
R_bg55ihGJsrAzpUp,Merton,2,2,6,6,6,2,6,6,6,2,1,2,7,6,6,6,6,6,6,6,6,6,6,5,4,6,6,7,6,6
R_cO53D2sUuOOjC3X,Wakefield,3,4,5,5,5,2,6,4,4,4,1,1,7,2,6,1,3,4,6,4,6,4,4,4,4,4,4,4,4,4
R_1X1xNEvUDRgGbul,Wakefield,3,3,5,6,5,4,4,3,2,4,4,3,4,4,4,4,4,4,4,4,4,4,4,4,4,4,4,4,4,4
R_9uxpSIfdnx6YmTb,Merton,3,4,4,4,4,3,4,1,1,3,3,1,5,4,6,5,6,6,5,6,5,4,5,5,6,5,4,5,5,5
R_5AVzhznQXpOvdKR,Tarnstead,1,1,7,7,7,4,4,3,4,4,1,3,7,7,6,7,7,7,7,4,4,4,4,4,4,3,4,7,4,4
R_06NEsDaJ8WI3GnP,Wakefield,1,1,6,6,7,6,3,2,3,2,6,4,6,7,7,6,6,6,7,7,7,7,6,6,6,7,6,6,6,6
R_0pU7m2q4cbWtpU9,Tarnstead,2,2,6,6,2,5,4,2,3,3,2,2,5,5,4,5,5,4,4,4,4,4,4,4,4,3,4,5,4,5
R_8vrbMlsJDZ3Bki1,Merton,2,5,6,6,7,3,6,3,6,2,1,1,7,6,6,4,7,6,6,6,6,6,6,6,6,6,6,4,6,7
R_85GOADwpox9RRdj,Tarnstead,1,3,6,7,7,3,6,3,3,6,1,2,7,6,6,6,6,6,7,6,6,7,6,4,4,6,4,6,4,4
R_b7TxpaJwgVfxO3b,Wakefield,1,1,7,7,7,7,1,1,1,4,3,2,7,7,7,7,5,7,7,7,7,7,7,7,4,7,7,7,7,4
R_eV9xlRsvn4y15Pf,Wakefield,2,2,7,7,7,5,3,2,4,5,1,1,7,6,6,6,6,6,7,6,6,6,6,6,6,6,6,6,6,6
R_066ctRyi0uWHBGd,Merton,1,1,6,5,7,6,4,4,3,3,3,2,7,2,6,2,4,4,4,4,4,4,4,4,4,4,4,5,4,4
R_5pslMfNjtKQnEln,Tarnstead,1,1,6,6,7,3,7,4,5,4,4,1,7,5,5,5,7,4,4,4,4,4,4,4,4,5,4,4,4,4
R_3PYNVUojcwPYMAd,Merton,7,6,7,1,7,4,1,2,1,1,2,1,6,2,4,3,5,3,4,3,4,3,4,2,2,2,3,4,4,3
R_0UtSqxKgCGDzBFX,Merton,1,1,7,7,7,7,4,4,4,1,1,1,6,6,4,3,7,6,6,4,6,6,6,4,4,5,4,6,6,6
R_9KOngL8GVGoDhUV,Merton,1,2,7,7,7,6,6,1,4,4,1,1,6,6,6,3,6,6,6,4,6,4,6,4,4,6,4,5,4,6
R_6y9VWf0FmStAIbb,Wakefield,1,2,5,7,6,4,4,3,4,4,1,1,7,6,5,6,6,6,6,4,6,4,5,4,4,5,4,5,4,4
R_9AevQyzepSn69qB,Wakefield,2,1,7,6,7,4,3,4,4,4,1,1,7,6,6,4,6,4,4,4,6,4,4,4,4,4,4,4,4,4
R_0dZcxX9HREUXkvr,Tarnstead,1,1,6,6,7,6,1,2,1,5,6,3,6,7,6,6,7,7,6,7,7,7,7,7,7,7,7,7,7,7
R_3V3bRrUPkfsKGMt,Tarnstead,1,1,7,7,7,4,4,1,6,3,5,2,7,6,6,6,2,5,6,6,6,6,6,4,6,6,6,7,4,7
R_1yU09ZvDH3gz1PL,Merton,2,2,6,6,6,5,4,4,4,3,2,1,6,6,6,4,6,6,6,6,6,5,6,5,6,6,6,6,6,6
R_8vKe1rAHrHvbLFP,Merton,1,1,7,7,7,7,1,1,1,1,3,3,7,4,5,7,4,5,4,5,5,7,7,6,6,6,5,7,5,7
R_6r72ToKYtsSmhQ9,Merton,4,7,2,1,7,1,6,7,7,6,1,2,7,6,6,2,6,7,7,7,7,7,7,7,7,7,7,7,7,7
R_0xsXXVo3R4KjaDP,Wakefield,1,2,5,5,7,4,4,4,5,4,4,1,7,6,6,4,4,4,6,4,4,4,4,4,4,4,4,4,4,4
R_5ALoucXLmh8HCId,Wakefield,2,4,4,5,6,2,6,6,6,6,1,1,6,5,6,5,6,6,5,5,6,4,6,4,4,4,5,6,4,6
R_784TpwL2NtJwqDb,Wakefield,1,2,7,7,7,6,3,3,2,4,3,2,7,6,6,7,6,5,6,6,6,5,5,5,5,5,6,5,6,5
R_3UG7w64afb1FGXX,Tarnstead,1,1,7,7,7,7,1,1,1,4,2,1,6,6,7,6,5,6,6,5,5,6,5,4,4,6,5,4,5,6
R_6yE34cb33WAfCNn,Wakefield,1,1,7,7,7,6,3,2,3,3,1,1,6,6,6,6,6,6,4,4,4,4,4,4,4,4,4,4,4,4
R_9zqEgz3FLvaZIDr,Merton,1,1,6,7,7,2,6,6,6,4,3,1,7,1,1,2,6,6,2,6,1,5,5,5,1,1,5,5,6,5
R_9RgYtOoKol6UqJ7,Tarnstead,1,1,7,7,7,5,7,2,7,3,1,1,7,6,7,7,7,4,4,6,7,4,7,4,6,4,4,6,4,4
R_3aQPvLuFinGGu5T,Wakefield,6,6,3,3,1,3,6,3,6,3,2,2,7,7,7,7,7,7,7,7,7,7,7,7,7,7,7,7,7,7
R_9BPWN5CDzkgRTmd,Tarnstead,1,4,7,7,7,4,4,4,6,4,2,1,7,5,5,3,1,4,6,4,7,5,6,4,5,5,4,4,4,4
R_9SwtTzgYxB7F6Pr,Merton,1,1,6,6,6,6,4,2,4,2,1,2,4,3,4,3,3,2,2,4,4,3,4,3,3,3,3,2,4,4
R_bPeQ4En4uFTwbm5,Tarnstead,1,2,4,3,4,6,2,1,4,3,7,6,6,7,7,6,6,7,7,6,7,6,7,7,4,7,7,6,6,6
R_0Ie1ZShhISI1H0N,Merton,1,1,7,7,7,7,7,7,1,1,1,1,5,6,6,1,6,6,6,6,4,5,4,5,5,3,5,6,4,4
R_1NwWFXWLUuBL92t,Merton,1,1,7,7,7,6,4,3,4,4,1,1,7,6,7,5,7,4,6,4,6,4,6,4,4,4,4,6,4,6
R_7TEnSwyaaachY7X,Merton,1,1,7,7,7,1,1,7,1,1,7,6,7,7,6,6,6,6,7,7,6,7,7,6,7,7,6,7,7,7
R_1R1jyfVDh9B8kdL,Wakefield,4,3,4,6,5,5,5,3,4,4,1,2,6,6,6,4,6,7,6,5,6,6,6,6,6,6,7,6,6,6
R_4YJ9eOEfyCLxfF3,Merton,1,4,7,7,7,5,7,4,3,4,4,1,7,4,3,1,6,4,1,6,7,4,4,4,4,4,4,2,4,6
R_0HUIRxfVLj9Z6YJ,Tarnstead,4,2,6,4,4,4,4,5,3,3,5,6,6,7,7,6,5,5,5,6,6,6,6,6,6,6,6,6,6,7
R_dhVazJDwpA4vgBn,Wakefield,1,2,6,7,7,7,4,2,3,4,5,1,7,7,6,6,7,6,6,6,6,6,7,6,6,7,6,6,6,6
R_8cUJuJoWj0ntrnf,Merton,1,1,7,7,7,5,3,2,1,2,1,2,7,5,5,4,7,6,6,5,7,5,7,5,5,4,5,6,3,6
R_5aKDr0wkkjtly4d,Tarnstead,1,3,7,7,7,5,4,3,5,5,1,2,7,7,5,6,5,7,5,5,5,5,5,4,6,4,6,5,5,5
R_0HrJWLWSR7zoUQd,Merton,1,2,7,6,7,4,5,3,4,5,1,1,7,2,5,2,6,4,6,4,5,5,5,6,4,5,4,6,6,4
R_1TZ0ESQZW4LhIrP,Merton,3,2,6,6,7,4,6,4,4,4,1,1,7,4,6,4,6,7,7,6,7,6,6,7,6,4,7,6,6,4
R_9QRYPcrx8zCmSDX,Merton,2,2,6,6,6,6,2,2,2,2,6,4,5,6,6,6,6,6,6,6,5,5,6,6,6,6,6,6,5,5
R_e39DXI8qCIgRJdz,Wakefield,1,3,6,7,7,6,2,2,3,2,7,2,1,2,4,4,1,3,1,3,4,2,4,4,2,2,4,2,1,2
R_dcM5XzzF4HEblUF,Tarnstead,1,1,7,7,7,7,2,1,2,1,5,1,6,6,6,6,6,6,6,6,6,6,6,6,2,4,6,6,6,6
R_cuVHxRUFEcviTBz,Tarnstead,1,1,6,7,7,6,4,4,2,4,4,1,7,7,7,7,7,5,6,4,6,4,5,4,4,4,4,3,4,5
R_00zIerd8eSUdVYh,Wakefield,5,4,4,5,4,1,6,7,6,4,5,4,6,6,6,7,6,5,6,6,7,6,7,6,6,6,5,6,6,7
R_2aHp0znrpf5Pvdr,Merton,2,5,5,5,4,3,3,5,4,4,2,1,5,1,5,5,6,5,5,3,4,4,5,5,3,5,4,5,4,5
R_5BhCMdj3SbnMtlX,Merton,1,4,6,6,7,4,3,4,5,3,5,3,5,3,4,5,5,5,4,4,4,5,3,4,3,2,5,4,3,4
R_b3lYvogKsedp9g9,Merton,1,1,7,7,7,4,3,1,4,3,4,1,7,7,7,7,7,4,7,4,6,4,4,4,4,4,4,4,4,4
R_9LkiXMs7pruaxVj,Merton,1,1,7,7,7,4,4,4,4,1,1,1,6,4,6,3,3,4,6,4,4,4,6,4,4,4,4,3,4,4
R_cPgf9MZjbwSOagZ,Wakefield,1,1,6,7,7,4,4,4,6,2,2,2,7,7,5,6,7,7,5,6,7,7,6,5,5,7,6,7,6,5
R_9mpRg6nReuvbzwN,Merton,2,2,2,6,6,3,6,6,6,6,2,2,5,5,4,2,6,3,5,4,3,4,4,5,4,5,4,1,5,3
R_3IdCtu5dTw6eETP,Tarnstead,1,1,7,7,7,6,3,1,2,1,1,1,6,6,7,3,5,4,6,4,6,7,6,6,6,6,6,4,4,4
R_6R0cg5tJRUVmtSJ,Merton,1,1,7,6,7,4,1,2,4,2,4,1,5,4,5,5,5,5,5,5,5,5,5,5,5,5,5,6,5,5
R_8f6jeBPMwZjz87b,Merton,1,1,7,7,7,7,1,1,1,1,7,7,7,6,6,6,7,7,7,7,7,6,7,7,7,7,6,7,7,6
R_5u3SJJ1NHRuWr9b,Tarnstead,1,1,7,7,7,6,6,2,4,1,1,1,7,6,7,7,2,4,7,4,6,7,4,6,4,7,4,7,4,7
R_0lbD8vzDGVPoCa1,Tarnstead,1,1,7,7,7,4,4,1,4,4,1,1,7,7,7,7,7,7,7,4,7,7,7,4,7,7,4,7,4,7
R_7Q9p8GY7kRTNs0t,Merton,2,3,6,6,6,6,4,5,6,4,2,1,5,4,5,5,6,4,5,5,5,4,4,5,4,4,6,6,5,5
R_abc9kgqybd1Zszz,Merton,2,1,7,7,7,6,1,1,1,2,1,1,7,2,3,2,7,4,5,4,4,4,4,4,4,4,4,5,4,4
R_ex7pDXpmtltqs17,Tarnstead,2,2,4,6,7,4,4,5,5,5,1,2,6,4,5,3,6,5,4,4,5,4,6,4,3,4,5,6,4,5
R_9S87SqKwWVPGmA5,Wakefield,1,1,6,7,7,3,5,4,4,4,1,1,7,6,5,4,6,4,6,4,4,4,4,4,4,4,4,4,4,4
R_24yQpTPZQddhobz,Wakefield,1,1,7,7,7,5,6,1,4,4,1,1,7,7,7,7,7,7,7,7,7,6,7,7,6,6,6,7,6,7
R_djqN4BhWX6XJY8J,Merton,1,1,7,7,7,4,4,4,4,4,4,3,7,4,4,1,7,1,3,6,6,7,4,6,5,1,7,7,6,7
R_3F9m0gISxhAUMNn,Merton,1,1,5,7,7,5,4,3,4,1,2,1,7,7,7,7,7,7,7,7,7,7,7,4,6,7,6,7,7,5
R_bqoy6SH9gfuZ5Up,Merton,1,1,7,7,7,7,1,1,1,1,2,1,7,7,7,7,7,7,7,7,7,7,7,7,7,7,7,7,7,7
R_1RnU8fbO9BISYbb,Merton,1,1,7,7,7,1,6,6,7,7,5,2,5,2,3,2,5,2,4,2,3,3,3,3,3,4,3,5,2,3
R_08PUpUGPS4x2vT7,Merton,3,3,5,4,7,4,5,6,5,3,4,2,4,4,2,2,3,5,2,3,4,4,4,4,4,4,4,5,3,5
R_0B2Z2FvRQsYdgEd,Tarnstead,2,2,5,7,5,6,2,4,3,3,4,1,6,6,6,5,6,4,6,4,5,4,4,4,4,4,4,4,4,3
R_eFENOZVXUqEliRv,Merton,1,2,7,7,7,7,2,2,2,2,3,3,6,6,6,6,6,6,6,6,6,6,6,6,6,6,6,6,6,6
R_9AWE6N1QcZI2Xm5,Merton,1,5,5,5,7,5,1,2,1,4,5,2,3,4,3,1,2,6,5,4,7,2,3,4,4,3,2,4,3,4
R_eyXjCGUoAcYyvrv,Merton,3,3,5,5,5,5,5,5,4,3,3,4,5,4,5,5,5,5,5,5,4,5,5,4,5,4,5,5,5,5
R_1B71km5YpynLj4p,Tarnstead,3,3,6,7,7,6,3,2,4,3,1,1,7,7,6,7,7,6,4,6,4,5,4,4,5,4,5,6,4,5
R_0Sq59IIgTGFhwGx,Tarnstead,6,5,5,5,6,2,3,4,5,4,5,1,4,5,5,3,3,5,6,5,4,5,5,2,3,4,3,6,4,5
R_ehTcvDAdHbb3YAR,Merton,1,1,6,7,7,5,2,3,3,3,2,1,6,6,6,3,6,4,5,4,5,4,5,4,4,4,4,4,4,4
R_08rbQ6BY91kZAhL,Merton,5,6,4,4,4,3,4,5,6,4,6,3,4,6,2,5,3,3,5,5,3,5,4,5,6,2,5,6,5,5
R_7PQhEc1n2FCDpVr,Merton,2,3,5,4,3,3,5,5,2,4,3,2,6,5,5,3,5,4,5,4,4,4,5,4,4,4,4,5,4,4
R_6KZpUo0nbFPQgPb,Merton,1,1,7,7,7,7,1,1,1,1,7,6,6,7,7,7,7,7,6,6,7,6,6,6,7,6,6,7,6,7
R_emw0NeheiubuUJf,Merton,2,2,6,6,6,6,4,5,6,4,1,1,6,5,6,6,6,4,6,6,5,4,4,4,4,4,4,4,4,5
R_40LssZKo8HmC6e9,Merton,1,1,7,7,7,7,2,1,2,1,7,7,7,6,6,6,7,6,6,6,7,7,6,6,6,6,7,6,6,7
R_3OBVF10skpgXTil,Tarnstead,1,1,7,7,7,4,5,4,4,3,4,1,4,3,4,3,4,4,4,4,4,4,4,4,4,2,2,3,4,3
R_3QwedcdVDO6QUjr,Tarnstead,1,1,7,7,7,7,1,1,1,1,5,3,6,5,5,6,5,5,5,6,6,6,5,4,6,4,5,4,6,5
R_exI672NPxzkCqz3,Merton,1,4,7,7,7,4,4,4,4,4,4,2,7,4,6,4,7,6,6,5,7,5,6,6,5,5,5,6,5,6
R_bC2T1TgksNWp725,Tarnstead,1,2,6,6,5,6,2,2,3,3,5,3,6,6,6,6,5,5,6,5,5,5,6,5,5,7,7,6,6,5
R_2fydozFUYN8IpF3,Wakefield,1,1,3,7,7,4,4,3,4,4,1,1,7,7,7,7,7,7,7,4,7,4,7,7,4,4,7,4,7,4
R_2nHI2jDcIVRfhXf,Merton,3,3,4,5,3,3,5,6,5,6,3,2,6,5,5,4,6,5,4,5,4,5,3,4,6,4,6,6,5,6
R_8qpXY8q9ZeARfPD,Tarnstead,1,1,7,7,7,1,7,6,4,4,1,1,6,6,5,3,6,5,7,4,6,4,5,4,4,4,4,6,4,1
R_0SWs7lTTPOJfC9T,Wakefield,1,1,7,7,7,2,7,2,7,4,1,3,7,6,7,6,6,4,5,4,6,4,6,4,4,5,4,5,4,3
R_eaPIIQl4NKfsAWF,Merton,1,1,5,6,7,3,6,6,6,6,1,1,7,7,7,7,7,7,7,7,7,6,7,6,6,6,6,6,6,7
R_9p1arUeFlxIsKS9,Merton,1,1,7,7,7,4,4,2,7,1,2,1,7,4,5,5,7,5,7,5,6,6,6,4,4,3,4,6,4,6
R_0SrUBbBvrN1RHSd,Merton,1,1,7,7,7,1,7,2,7,6,1,1,6,6,6,6,6,6,6,4,6,4,4,4,6,4,4,6,4,4
R_56jlJDEvfPpHY9v,Merton,2,2,4,4,7,3,4,5,3,3,2,2,6,1,2,1,5,6,5,4,3,3,5,4,4,4,4,4,4,4
R_eDLJwin50zRMBIF,Merton,1,4,7,7,7,7,1,1,4,4,2,1,7,7,6,7,7,7,7,7,7,7,6,7,7,6,7,7,7,7
R_7OjveLYiZJNKvzv,Merton,2,1,6,4,7,3,5,4,5,3,1,1,7,5,4,6,6,6,6,6,6,6,6,6,5,5,6,7,6,5
R_e3fl2mtyzf73zY9,Merton,1,2,3,7,4,7,2,6,1,5,6,6,5,6,5,7,6,5,5,6,7,7,6,6,6,6,6,7,7,7
R_cIv93KfzoNpCtBH,Wakefield,1,1,7,7,7,4,4,1,4,4,1,1,7,7,7,7,7,4,7,4,4,4,7,4,4,4,4,4,4,4
R_1TU3hXxwLOqG31X,Merton,2,5,3,4,5,2,4,5,6,5,2,1,6,6,5,5,5,5,4,4,4,4,4,4,4,3,5,4,4,4
R_6VEDwSwPcJVVulv,Merton,2,5,3,6,6,6,2,2,2,2,6,5,5,5,6,5,6,6,5,6,6,6,6,6,6,6,6,5,6,6
R_0dLmZCh1SVUw63z,Merton,7,6,2,6,3,5,5,1,4,4,5,6,7,6,5,5,6,6,5,7,7,6,5,5,6,6,6,7,6,6
R_74ivsnjdaggYnR3,Merton,1,1,2,6,7,2,6,7,5,4,1,1,7,7,1,2,5,4,5,5,4,5,5,4,2,4,4,5,5,4
R_2rxVL1VXTnob9aZ,Merton,1,1,7,7,7,7,4,1,4,1,4,1,4,4,4,4,4,4,4,5,4,4,4,4,4,4,4,4,4,4
R_2iAcREkWwSZhxWZ,Merton,1,1,7,7,7,4,7,1,7,1,1,1,7,7,7,7,7,7,7,7,7,7,7,7,7,7,7,7,7,7
R_esx2zx4XKpUJ1KR,Merton,6,7,6,7,7,6,6,6,5,6,6,6,7,6,6,6,7,7,7,7,7,7,6,7,6,6,6,6,6,7
R_0OMAIlu4TJoJkZ7,Merton,1,1,7,6,7,4,4,1,4,3,4,2,4,4,4,4,4,4,4,4,4,4,4,4,4,4,4,4,4,4
R_elF7L2BUAWCQx5r,Wakefield,1,1,7,7,7,7,1,1,1,1,1,1,7,7,7,7,7,7,7,7,7,7,7,7,7,7,7,7,7,7
R_6ioxfo7wpzjmwPr,Merton,1,1,7,7,7,2,5,2,5,1,5,2,5,1,1,1,6,3,5,4,2,4,4,3,1,3,4,5,4,5
R_9L8ew45cT2hnOvP,Merton,2,2,6,6,6,6,2,2,2,2,6,6,6,6,6,6,5,6,6,6,6,6,6,6,6,6,6,6,6,6
R_0iDhojYoKq3cM6h,Merton,2,2,4,4,5,5,3,3,3,3,5,2,6,3,5,4,4,5,5,5,6,4,6,5,5,4,4,6,4,4
R_ddmGmsEQ1sUSnyJ,Merton,1,7,6,2,1,6,2,2,1,1,6,7,5,7,5,6,7,5,5,6,5,6,5,6,6,5,7,7,6,6
R_bIrnTFcgZeGQQJv,Tarnstead,1,1,7,6,7,7,2,1,2,1,1,5,7,5,7,7,6,6,7,7,7,7,6,7,6,7,6,7,6,7
R_cCrqje382CqzCD3,Wakefield,2,2,2,6,7,5,4,3,4,3,1,2,6,6,6,6,6,6,6,6,6,6,6,6,4,4,6,6,6,6
R_b1uvQPcD3BmfceV,Tarnstead,1,5,7,7,7,5,4,1,6,4,1,1,7,7,7,7,7,7,7,7,7,7,7,7,7,7,6,7,7,7
R_breC0odPHyi7xAN,Wakefield,4,4,1,4,4,1,7,7,7,7,1,1,4,4,4,4,4,4,4,4,4,4,4,4,4,4,4,4,4,4
R_eevLRL7N1UkJaU5,Tarnstead,1,2,6,7,7,4,5,2,4,3,2,1,7,5,5,4,7,6,6,4,4,3,5,4,4,2,4,6,4,2
R_0Hc122rzgPmWkuh,Merton,1,4,7,7,7,7,1,4,7,5,1,1,7,7,7,7,6,7,7,6,6,7,7,1,1,7,7,7,7,7
R_4INtMgyhrfWt0hv,Merton,2,4,6,6,6,3,6,4,4,4,6,2,5,6,6,5,5,5,5,5,5,5,5,5,4,4,4,5,5,5
R_dhD5hhBJblEhfTL,Merton,2,3,4,6,7,6,6,5,4,1,1,1,6,6,7,7,7,6,7,7,7,7,6,6,6,5,5,7,6,6
R_08wqfysu4zemllr,Merton,1,2,6,7,7,1,7,4,7,4,1,1,7,7,7,3,3,6,4,4,4,4,4,4,4,4,4,6,4,4
R_9oR5jPSS82mdI3P,Tarnstead,1,1,7,7,7,1,6,2,6,1,4,1,7,5,3,4,1,3,3,5,7,7,5,5,4,5,6,4,5,6
R_9EvrvU2wT65dX25,Wakefield,1,1,7,7,7,5,4,3,4,1,1,1,6,6,6,6,6,6,6,4,6,5,6,4,4,5,4,6,5,5
R_dnF2ykJrblMjCrH,Tarnstead,1,1,7,7,7,7,4,1,2,1,1,1,1,1,1,1,1,1,1,1,1,1,1,1,1,1,1,1,1,1
R_ezBnf29YCrBRfGB,Wakefield,1,1,7,7,7,5,3,3,3,2,2,1,5,6,6,6,6,6,6,6,6,5,5,6,6,6,6,7,6,5
R_9S9d6gqbVtkib5z,Wakefield,1,1,7,7,7,7,1,1,1,1,2,2,4,3,3,2,2,3,5,4,3,4,5,2,4,5,3,2,3,4
R_aWz16q8facAZGjX,Wakefield,1,1,7,7,7,4,7,4,4,4,3,1,7,2,5,3,6,5,5,4,6,4,4,5,4,3,5,6,5,3
R_3ZQJle80kgLQTpr,Wakefield,1,1,7,7,7,7,4,1,3,5,2,1,7,7,6,2,7,4,7,6,7,6,6,4,4,5,4,4,5,6
R_9ot9fxFrROC2rpb,Wakefield,5,6,5,6,5,6,6,6,2,2,2,1,5,5,5,5,5,5,5,5,5,5,5,5,5,5,5,5,5,5
R_29aa6F4YCW3J553,Wakefield,5,5,7,4,6,4,5,6,5,4,4,1,6,5,5,5,5,4,5,4,5,4,5,4,4,5,4,5,5,4
R_5veYSYnqogqoSYl,Wakefield,1,1,7,7,7,5,1,1,3,1,4,2,6,6,7,6,6,4,6,4,6,4,6,4,4,6,4,6,4,6
R_bI5BtXP8YV88Kix,Wakefield,1,2,6,7,6,2,6,4,4,2,2,1,6,6,6,6,6,6,6,6,6,6,6,6,6,6,6,6,6,6
R_88nuO64dxEkzZqJ,Wakefield,4,5,1,1,1,2,3,4,2,2,1,1,4,4,4,4,4,4,4,4,4,4,4,4,4,4,4,4,4,4
R_9B1V9bRFmgSL7X7,Wakefield,1,2,6,5,6,3,7,3,7,4,1,1,6,6,5,3,6,6,6,4,5,4,6,4,4,5,4,4,4,6
R_25XaApHne6hNYzz,Wakefield,1,1,6,7,7,5,4,2,4,2,1,1,6,5,5,5,6,5,6,6,5,5,5,5,5,4,5,6,5,5
R_cSUWOnNkSCXE7cx,Wakefield,1,1,7,7,7,7,7,4,3,1,1,2,7,6,7,5,7,4,6,4,7,4,7,7,4,4,4,4,4,4
R_dgN6h1UaUwBIhlb,Wakefield,1,1,7,7,7,7,4,1,4,1,1,1,7,6,7,6,7,6,7,7,7,7,7,7,7,6,7,7,7,7
R_4G9VcuHE63nn8GN,Wakefield,2,3,5,5,6,3,5,7,5,3,2,2,7,4,5,3,6,4,6,4,6,4,6,4,4,5,4,6,4,5
R_b4sW1FBP44F3FtP,Wakefield,1,1,7,7,7,7,1,1,1,1,3,1,7,7,7,7,7,5,6,6,6,6,6,6,6,6,6,5,6,6
R_4Vp1vuRPZzLu9IF,Wakefield,1,1,6,7,7,5,4,1,6,4,1,1,7,7,7,7,7,7,7,7,7,6,7,4,4,4,4,7,4,6
R_1zFWhyxD9NMvhid,Wakefield,1,1,7,7,7,1,7,6,6,1,1,1,6,2,5,2,3,4,7,4,5,4,6,4,4,4,4,4,4,7
R_cI6TgdrvPvhJxfD,Wakefield,1,1,7,7,7,4,4,1,4,4,2,2,6,6,6,6,6,5,5,5,5,5,5,5,4,5,5,5,5,5
R_eeqoeVKuUxk5yZf,Wakefield,1,1,6,6,6,4,6,4,1,4,1,1,5,5,5,5,5,5,5,5,5,5,5,5,5,5,5,5,5,5
R_e57w59sYesnWHkN,Wakefield,1,2,2,6,7,4,7,4,6,4,1,1,6,4,6,6,6,6,6,6,6,6,6,6,6,6,6,6,6,6
R_bOW5VobHNgifzCJ,Tarnstead,1,1,7,7,7,7,3,3,3,1,1,1,7,7,7,7,7,7,7,7,7,4,7,4,4,7,4,7,4,4
R_cIvk2Q91nTAX51X,Tarnstead,1,2,5,6,6,6,3,6,3,4,1,3,6,6,6,3,6,6,7,5,6,4,6,4,4,3,4,7,4,5
R_bdOnTPcO2h7yBgx,Tarnstead,1,1,6,7,7,4,5,3,5,4,1,1,7,7,7,6,6,7,6,6,6,6,6,6,6,6,6,7,6,6
R_8vwk4BeTQVIaEkd,Wakefield,1,1,7,7,7,4,1,4,1,4,6,1,6,6,6,6,6,6,6,6,6,6,6,6,6,6,6,6,6,7
R_0DtOM0t0XFDTwuV,Tarnstead,1,2,7,6,7,6,3,3,3,3,5,1,6,6,5,6,6,6,6,5,5,5,5,5,4,5,4,4,5,4
R_9vE2DAvthuscLOt,Tarnstead,1,1,7,7,7,5,2,2,3,2,1,1,7,6,7,7,6,5,7,6,6,5,5,5,4,5,4,7,5,5
R_5u8yUWNW97vi7Hf,Tarnstead,1,1,7,7,7,6,2,1,2,2,1,1,6,6,6,6,5,6,6,6,6,6,6,6,6,6,6,6,6,6
R_3z91jbSzbqv7mSN,Tarnstead,1,1,7,7,7,7,1,1,1,1,1,1,7,7,7,7,7,7,7,7,7,7,7,7,7,7,7,7,7,7
R_2sL45Vtg59WAxtH,Tarnstead,7,7,7,7,7,4,5,5,3,7,2,1,7,7,7,7,7,7,7,6,7,7,7,7,7,7,7,7,6,7
R_dpxptKvpCXIRKRf,Tarnstead,1,7,6,7,7,5,4,5,5,4,1,1,6,6,6,6,5,4,5,4,5,4,6,6,4,5,4,4,4,4
R_8q9HZ0w0mFFcIS1,Tarnstead,5,3,4,5,5,6,6,4,4,4,2,2,7,6,7,6,5,5,6,5,6,5,6,6,6,5,6,7,4,5
R_1T6yXU6zS2fvUQB,Tarnstead,1,1,7,7,7,4,4,2,4,4,4,1,7,7,7,4,7,7,7,7,7,7,6,6,7,4,7,7,7,7
R_8jf3W8ulcM3J8EZ,Tarnstead,1,1,7,7,7,7,2,2,2,2,2,2,6,5,6,6,6,4,6,4,6,4,4,4,4,4,4,4,4,4
R_79WcsRjb4kHg7Jz,Tarnstead,1,1,7,7,7,6,2,1,3,3,1,1,7,7,7,6,7,4,4,4,4,4,4,4,4,4,4,4,4,4
R_1KNdwsi2RiSHPLv,Tarnstead,2,3,4,5,6,4,6,4,4,4,1,1,6,5,6,4,6,4,6,4,6,4,4,4,4,4,4,4,4,4
R_0cY3rI7eot15Mq1,Tarnstead,1,1,7,7,7,6,2,1,2,2,2,1,6,6,6,6,6,6,6,6,6,6,6,6,6,6,6,6,6,6
R_0SPwgz5rwdU3X8N,Tarnstead,1,2,6,7,7,3,5,5,2,3,4,1,6,6,6,6,6,4,6,4,6,4,4,4,4,4,4,4,4,4
R_9XD6yO3AfxPkcRv,Wakefield,4,4,1,4,4,7,7,4,6,6,5,2,5,5,5,6,5,5,6,6,5,6,4,6,6,2,2,6,4,3
R_3kKii4xveOtHx2t,Wakefield,4,5,4,4,1,1,7,7,7,7,4,1,7,4,7,4,7,6,6,4,4,4,4,4,4,4,4,4,4,4
R_55VQcuNA6qpT1Kl,Wakefield,3,2,6,4,6,2,6,6,6,4,1,1,7,6,6,4,6,6,6,4,6,5,6,4,4,4,4,6,4,6
R_23QVXpOwmGDd3oN,Wakefield,6,4,4,5,7,2,7,4,6,6,1,1,6,6,6,6,6,6,6,6,6,6,6,6,6,6,6,6,6,6
R_bfTmsDZSAeNi9mt,Wakefield,NA,NA,NA,NA,NA,NA,NA,NA,NA,NA,NA,NA,NA,NA,NA,NA,NA,NA,NA,NA,NA,NA,NA,NA,NA,NA,NA,NA,NA,NA
R_42uoSiFrMhWNvP7,Wakefield,NA,NA,NA,NA,NA,NA,NA,NA,NA,NA,NA,NA,NA,NA,NA,NA,NA,NA,NA,NA,NA,NA,NA,NA,NA,NA,NA,NA,NA,NA
R_eFMLQI7ezgZdH6d,Tarnstead,1,1,7,7,7,4,4,2,4,4,1,1,7,7,7,7,3,7,7,4,6,4,7,4,4,6,4,6,4,4
R_4Z6GxxvzZCqKCDr,Tarnstead,7,7,1,1,1,1,7,7,7,7,2,1,6,1,6,1,1,6,6,6,3,6,6,3,6,6,3,6,6,6
R_9NaDKLuk6ttjmN7,Merton,2,3,4,5,6,4,5,4,4,4,2,2,6,7,7,6,6,6,6,4,6,5,6,6,6,6,5,6,4,5
R_6gkdDd4lqLwBy7z,Wakefield,1,1,7,7,7,4,4,1,4,4,NA,NA,NA,NA,NA,NA,NA,NA,NA,NA,NA,NA,NA,NA,NA,NA,NA,NA,NA,NA
R_6eNZgSFT8lEVQJ7,Merton,2,2,5,6,7,6,1,1,1,2,5,1,5,7,7,7,7,2,1,2,6,6,5,4,5,3,2,1,3,3
R_e35raNcApMqCee9,Merton,4,6,3,4,3,6,6,6,6,6,6,4,NA,NA,NA,NA,NA,NA,NA,NA,NA,NA,NA,NA,NA,NA,NA,NA,NA,NA
R_bvzWjkNUiglCKwZ,Merton,1,1,7,7,7,5,3,3,2,3,NA,NA,NA,NA,NA,NA,NA,NA,NA,NA,NA,NA,NA,NA,NA,NA,NA,NA,NA,NA
R_cApIHBFxSPK5jff,Merton,NA,NA,NA,NA,NA,NA,NA,NA,NA,NA,NA,NA,NA,NA,NA,NA,NA,NA,NA,NA,NA,NA,NA,NA,NA,NA,NA,NA,NA,NA
R_dgp3zOAZdD1TFTD,Merton,NA,NA,NA,NA,NA,NA,NA,NA,NA,NA,NA,NA,NA,NA,NA,NA,NA,NA,NA,NA,NA,NA,NA,NA,NA,NA,NA,NA,NA,NA
R_1YX5Hbb9cbhu68d,Merton,NA,NA,NA,NA,NA,NA,NA,NA,NA,NA,NA,NA,NA,NA,NA,NA,NA,NA,NA,NA,NA,NA,NA,NA,NA,NA,NA,NA,NA,NA
R_efc9i2bigMxsMqp,Tarnstead,1,1,7,7,7,4,4,4,4,2,4,1,6,6,6,6,6,6,6,6,6,6,6,6,6,6,6,6,6,6
R_b1m6QTdsxLTA3U9,Merton,2,2,5,6,7,5,4,2,4,3,1,1,7,7,6,6,6,6,6,5,6,5,6,5,5,5,5,6,5,6
R_a5Ayw2tuCGsxQDr,Merton,1,1,7,7,7,7,1,1,1,1,1,1,7,7,7,7,6,4,6,4,6,4,6,5,4,6,6,4,6,6
R_cIaugISHJBB2Xt3,Merton,NA,NA,NA,NA,NA,NA,NA,NA,NA,NA,NA,NA,NA,NA,NA,NA,NA,NA,NA,NA,NA,NA,NA,NA,NA,NA,NA,NA,NA,NA
R_1Odu0R0zrn4h3Ol,Tarnstead,2,2,6,7,6,4,4,4,4,4,2,2,7,4,6,4,6,6,7,6,5,7,6,6,4,5,6,7,6,7
R_4GSFM1JANIi4stv,Tarnstead,1,1,7,7,7,4,3,1,2,3,2,2,7,5,6,6,6,4,6,4,4,4,6,4,6,4,4,6,4,3
R_8tOCRfrnOPr5Cn3,Merton,NA,NA,NA,NA,NA,NA,NA,NA,NA,NA,NA,NA,NA,NA,NA,NA,NA,NA,NA,NA,NA,NA,NA,NA,NA,NA,NA,NA,NA,NA
R_2i9Goz9vlrosGfb,Tarnstead,1,2,6,7,7,5,3,2,2,4,2,3,7,5,4,5,3,6,6,6,6,5,6,5,5,6,6,6,6,6
R_6KZ7IBIe3vCMAsZ,Tarnstead,1,1,6,7,7,4,6,5,5,5,1,1,7,6,4,5,7,7,6,5,6,4,5,4,4,4,4,4,4,4
R_8GhnJl7w95v1feJ,Merton,3,2,5,6,3,1,6,6,6,5,2,1,6,4,6,6,6,6,6,6,6,6,6,6,6,6,6,6,6,6
R_9Hs47xt7JrZVCCx,Merton,1,1,7,7,7,7,3,1,2,2,2,1,6,6,4,5,5,6,6,4,5,4,6,4,4,4,4,6,4,6
R_9YyrpjxQaAI2OVf,Wakefield,1,1,7,7,7,4,4,4,4,4,1,1,7,7,7,7,7,4,7,4,7,4,4,4,4,4,4,4,4,4
R_2bGlgMJCw2V9CUB,Wakefield,2,2,5,6,6,6,6,4,6,6,1,1,5,4,4,3,4,5,5,4,5,4,5,4,4,4,4,5,4,5
R_9MHiKGqzBmucGBT,Merton,1,1,7,7,7,6,3,2,4,3,1,2,7,7,6,7,7,6,7,6,7,7,7,4,4,5,6,7,6,6
R_0cjl5x5lzmlJbEh,Wakefield,2,4,7,7,7,6,3,2,3,1,6,4,4,5,7,6,4,6,7,6,5,4,6,5,7,6,5,6,6,3
R_eMe4f9pKF0b3o0t,Wakefield,1,1,7,7,7,7,1,1,1,1,1,1,7,7,7,7,7,7,7,7,7,7,7,7,7,7,7,7,7,7
R_cZwB6suH4DsPuNT,Wakefield,1,1,7,7,7,2,6,2,6,2,1,1,7,6,7,5,5,7,7,4,4,4,4,4,4,7,4,4,4,7
R_3fpuD3ZUEmSlkNL,Wakefield,1,1,7,7,7,4,4,4,4,4,4,1,7,7,6,6,6,6,6,6,6,6,6,6,5,6,6,6,6,6
R_6Ee7DgdJwODqHZ3,Merton,5,4,4,4,4,3,5,4,4,4,1,1,5,5,5,5,5,5,5,4,5,4,4,5,5,4,4,5,5,4
R_9BRqZ1grGmqcdeZ,Wakefield,1,1,7,7,7,5,4,2,5,4,3,1,7,6,5,6,3,4,5,4,6,4,4,4,4,2,4,4,4,4
R_0V8CgbmzrPTjny5,Tarnstead,1,1,7,7,7,6,2,2,2,2,2,1,6,5,7,7,6,6,6,6,6,6,6,6,4,6,6,6,5,6
R_a4B7NNiWk89PgS9,Tarnstead,4,3,2,3,3,1,3,3,2,2,6,5,5,5,5,6,5,6,4,6,5,6,6,4,5,5,4,4,6,6
R_0js7eEDj2sASznD,Tarnstead,2,4,5,5,6,5,4,4,5,3,3,2,5,3,5,5,4,4,5,5,5,5,5,5,5,4,5,3,5,4
R_0OL8FcTD6VziCy1,Merton,1,2,7,6,7,7,6,4,2,5,1,1,6,7,5,5,6,6,6,7,7,6,5,5,7,6,7,6,7,5
R_bwlL0PMDL3ITVPL,Merton,6,2,6,6,6,5,5,3,6,2,1,1,6,5,6,5,5,5,6,5,5,5,4,5,5,4,6,6,5,4
R_4NGXHYUAMfdwkgR,Merton,1,1,4,7,4,3,4,2,5,4,1,1,7,6,7,5,7,6,6,4,7,5,6,7,4,5,4,7,5,6
R_eDuYpILTHAO4PUV,Wakefield,1,1,6,7,7,4,4,4,6,6,4,1,7,7,6,6,7,4,6,4,4,4,6,4,4,6,4,4,4,4
R_8BWkYbXzR8QRUtn,Tarnstead,1,4,5,7,7,4,7,5,6,5,1,1,7,7,7,5,7,6,7,4,7,4,7,4,4,5,4,7,4,5
R_38fPeRQJfa02WmF,Wakefield,1,2,6,6,7,4,2,3,2,6,3,1,7,3,4,2,5,5,7,4,4,4,4,4,4,4,4,4,4,4
R_b4qd83cZRT61vDL,Wakefield,1,1,6,7,7,1,7,2,7,4,1,1,7,6,7,6,7,6,7,7,6,6,7,7,6,6,7,7,7,7
R_8d0326nm3Hj7hMp,Wakefield,1,1,7,7,7,6,4,1,3,4,1,1,6,6,6,6,6,6,6,4,6,4,4,4,4,5,4,7,4,6
R_6VTPKFTIFU13Det,Wakefield,1,1,7,7,7,5,3,7,3,2,1,1,7,5,3,5,5,7,6,4,7,4,6,5,3,4,6,4,4,4
R_eKi3nvoeA7cUsEl,Tarnstead,1,2,5,7,7,2,6,4,6,4,1,2,7,7,7,6,6,5,6,5,6,5,6,5,5,5,4,5,5,4
R_e5MGLVlpiOwEqyN,Wakefield,1,2,6,6,6,2,4,4,7,1,1,1,6,5,3,3,6,6,6,4,6,4,4,4,4,5,4,5,4,6
R_2hMgH4e1qcO8y1L,Wakefield,1,3,5,5,7,4,5,2,4,4,2,2,7,6,6,6,7,6,6,6,6,5,7,6,6,5,6,7,6,6
R_0lk1treE4813mkJ,Wakefield,1,3,5,6,7,4,6,2,4,4,3,1,6,6,6,5,5,5,7,4,5,4,4,4,4,4,4,5,4,3
R_bsEqwRmR1ebZm0R,Wakefield,3,4,5,6,6,3,6,5,5,5,4,1,6,6,6,5,3,4,4,4,5,5,5,4,4,3,4,5,4,4
R_9ttmoQd3nPl1EPP,Wakefield,6,6,4,6,3,3,2,4,2,4,NA,NA,NA,NA,NA,NA,NA,NA,NA,NA,NA,NA,NA,NA,NA,NA,NA,NA,NA,NA
R_e5TSmKT2YHHfHMN,Wakefield,NA,NA,NA,NA,NA,NA,NA,NA,NA,NA,NA,NA,NA,NA,NA,NA,NA,NA,NA,NA,NA,NA,NA,NA,NA,NA,NA,NA,NA,NA
R_6o2iRXIu2RVQaKV,Wakefield,NA,NA,NA,NA,NA,NA,NA,NA,NA,NA,NA,NA,NA,NA,NA,NA,NA,NA,NA,NA,NA,NA,NA,NA,NA,NA,NA,NA,NA,NA
R_9Nsqh2073UsMU3X,Wakefield,7,1,7,7,7,7,1,1,1,1,1,1,6,4,6,4,6,6,6,6,6,6,6,6,6,6,6,6,6,6
R_3rV7atiXgHeasxT,Wakefield,1,2,4,7,7,4,4,1,4,4,1,2,7,7,7,7,6,7,6,4,4,4,4,4,4,4,4,6,4,4
R_eVs8LtmuXh0LIqN,Wakefield,NA,NA,NA,NA,NA,NA,NA,NA,NA,NA,NA,NA,NA,NA,NA,NA,NA,NA,NA,NA,NA,NA,NA,NA,NA,NA,NA,NA,NA,NA
R_9ufPBDDhEkRyZxz,Wakefield,NA,NA,NA,NA,NA,NA,NA,NA,NA,NA,NA,NA,NA,NA,NA,NA,NA,NA,NA,NA,NA,NA,NA,NA,NA,NA,NA,NA,NA,NA
R_3z0AkXetopCcRWl,Wakefield,NA,NA,NA,NA,NA,NA,NA,NA,NA,NA,NA,NA,NA,NA,NA,NA,NA,NA,NA,NA,NA,NA,NA,NA,NA,NA,NA,NA,NA,NA
R_ezABmnssU5xBBLn,Merton,1,1,7,7,7,5,4,1,4,4,3,1,7,6,6,6,6,6,6,5,6,6,5,5,6,6,5,5,6,6
R_8bPowhhPP6hWdXn,Wakefield,NA,NA,NA,NA,NA,NA,NA,NA,NA,NA,NA,NA,NA,NA,NA,NA,NA,NA,NA,NA,NA,NA,NA,NA,NA,NA,NA,NA,NA,NA
R_06tmZQgv9vvX5lP,Wakefield,NA,NA,NA,NA,NA,NA,NA,NA,NA,NA,NA,NA,NA,NA,NA,NA,NA,NA,NA,NA,NA,NA,NA,NA,NA,NA,NA,NA,NA,NA
R_aiapC2HgI1hzBop,Wakefield,NA,NA,NA,NA,NA,NA,NA,NA,NA,NA,NA,NA,NA,NA,NA,NA,NA,NA,NA,NA,NA,NA,NA,NA,NA,NA,NA,NA,NA,NA
R_1ThOSxf9HZNgz2t,Merton,1,1,7,7,7,4,5,4,4,1,1,1,7,3,4,3,7,4,4,4,4,6,4,4,4,5,4,6,4,4
R_8c9UaY6hwY0vdcN,Wakefield,NA,NA,NA,NA,NA,NA,NA,NA,NA,NA,NA,NA,NA,NA,NA,NA,NA,NA,NA,NA,NA,NA,NA,NA,NA,NA,NA,NA,NA,NA
R_81vyhHvK1I18lil,Wakefield,NA,NA,NA,NA,NA,NA,NA,NA,NA,NA,NA,NA,NA,NA,NA,NA,NA,NA,NA,NA,NA,NA,NA,NA,NA,NA,NA,NA,NA,NA
R_bvzyxugvPBmIr9r,Tarnstead,2,3,3,3,1,3,6,5,3,2,1,1,6,3,6,6,6,6,6,6,6,6,6,6,6,6,6,6,6,6
R_3JhtoPBjga75g2h,Merton,1,1,7,7,7,4,4,1,4,4,1,1,7,6,6,6,6,6,6,5,6,4,6,4,4,5,4,6,4,5
R_2o5e8cD4haLKVRr,Merton,2,2,6,6,6,4,4,4,6,4,1,1,7,4,6,4,6,5,5,4,4,4,4,4,4,3,4,6,4,5
R_bjyn4A4VtusbAXj,Tarnstead,1,2,4,7,7,1,7,4,7,7,1,1,7,6,6,3,6,6,6,6,6,6,6,6,6,6,6,5,6,6
R_8AlNWSZgzMvahUx,Merton,1,1,7,4,7,4,4,4,4,4,4,4,4,4,4,4,4,4,4,4,4,4,4,4,4,4,4,4,4,4
R_cVj80IH6TLhMoPH,Wakefield,NA,NA,NA,NA,NA,NA,NA,NA,NA,NA,NA,NA,NA,NA,NA,NA,NA,NA,NA,NA,NA,NA,NA,NA,NA,NA,NA,NA,NA,NA
R_3siCw2gq29kAFG5,Merton,1,1,4,7,7,3,7,7,7,7,1,1,7,1,3,1,6,4,6,4,6,4,4,4,4,3,4,6,4,4
R_7VBs1EbDLl1pr01,Wakefield,NA,NA,NA,NA,NA,NA,NA,NA,NA,NA,NA,NA,NA,NA,NA,NA,NA,NA,NA,NA,NA,NA,NA,NA,NA,NA,NA,NA,NA,NA
R_cZmSdoU6jrXZsjz,Wakefield,NA,NA,NA,NA,NA,NA,NA,NA,NA,NA,NA,NA,NA,NA,NA,NA,NA,NA,NA,NA,NA,NA,NA,NA,NA,NA,NA,NA,NA,NA
R_e4FAFgBbIn9jemN,Wakefield,NA,NA,NA,NA,NA,NA,NA,NA,NA,NA,NA,NA,NA,NA,NA,NA,NA,NA,NA,NA,NA,NA,NA,NA,NA,NA,NA,NA,NA,NA
R_0fxBmypnzjTdNaZ,Merton,1,1,7,7,7,1,6,4,7,4,5,2,7,5,5,5,6,2,5,4,5,4,4,4,4,3,4,6,4,6
R_eUIVcAU8Iu1EXyt,Tarnstead,1,1,6,7,7,6,2,2,2,2,1,1,7,7,7,7,7,7,7,7,7,4,7,4,4,7,4,7,4,6
R_bpEh8QNophrdQpf,Wakefield,NA,NA,NA,NA,NA,NA,NA,NA,NA,NA,NA,NA,NA,NA,NA,NA,NA,NA,NA,NA,NA,NA,NA,NA,NA,NA,NA,NA,NA,NA
R_6QXULii8QxJv5LD,Merton,1,2,7,6,7,4,4,4,4,4,2,1,6,5,5,4,3,4,4,4,4,4,4,4,4,3,4,5,4,4
R_bDwWmxa9LJvmP6R,Tarnstead,1,1,7,7,7,5,2,2,2,4,2,3,7,6,6,6,6,6,6,4,6,4,6,6,4,6,6,6,4,6
R_a2IScql8UwJNfMN,Wakefield,NA,NA,NA,NA,NA,NA,NA,NA,NA,NA,NA,NA,NA,NA,NA,NA,NA,NA,NA,NA,NA,NA,NA,NA,NA,NA,NA,NA,NA,NA
R_1OeJux311kBerAh,Wakefield,NA,NA,NA,NA,NA,NA,NA,NA,NA,NA,NA,NA,NA,NA,NA,NA,NA,NA,NA,NA,NA,NA,NA,NA,NA,NA,NA,NA,NA,NA
R_0iivQ7sHMQ16h4V,Merton,2,3,6,6,4,5,5,4,4,3,2,1,6,6,6,6,6,4,6,4,4,4,4,4,4,6,4,4,5,4
R_ei0knkoaWfnweoZ,Wakefield,NA,NA,NA,NA,NA,NA,NA,NA,NA,NA,NA,NA,NA,NA,NA,NA,NA,NA,NA,NA,NA,NA,NA,NA,NA,NA,NA,NA,NA,NA
R_esQEvP14G6FfrRX,Merton,1,1,7,7,7,6,2,1,2,2,1,1,NA,NA,NA,NA,NA,NA,NA,NA,NA,NA,NA,NA,NA,NA,NA,NA,NA,NA
R_abliggEX71xsK1f,Merton,2,2,6,6,7,3,6,4,4,2,NA,NA,NA,NA,NA,NA,NA,NA,NA,NA,NA,NA,NA,NA,NA,NA,NA,NA,NA,NA
R_4SCCrVssoWVcTzf,Wakefield,NA,NA,NA,NA,NA,NA,NA,NA,NA,NA,NA,NA,NA,NA,NA,NA,NA,NA,NA,NA,NA,NA,NA,NA,NA,NA,NA,NA,NA,NA
R_0AtXc1nEHL6J2a9,Tarnstead,2,1,6,7,7,4,4,4,4,2,2,3,6,6,4,4,6,6,6,6,6,4,6,4,4,4,4,6,4,6
R_bdA1gZVvtjjP1yt,Merton,NA,NA,NA,NA,NA,NA,NA,NA,NA,NA,NA,NA,NA,NA,NA,NA,NA,NA,NA,NA,NA,NA,NA,NA,NA,NA,NA,NA,NA,NA
R_86LvM9D0MbBmzeB,Merton,NA,NA,NA,NA,NA,NA,NA,NA,NA,NA,NA,NA,NA,NA,NA,NA,NA,NA,NA,NA,NA,NA,NA,NA,NA,NA,NA,NA,NA,NA
R_9LJsKhsiWHsuLnn,Wakefield,NA,NA,NA,NA,NA,NA,NA,NA,NA,NA,NA,NA,NA,NA,NA,NA,NA,NA,NA,NA,NA,NA,NA,NA,NA,NA,NA,NA,NA,NA
R_bNLUyT5Zqcggahf,Wakefield,NA,NA,NA,NA,NA,NA,NA,NA,NA,NA,NA,NA,NA,NA,NA,NA,NA,NA,NA,NA,NA,NA,NA,NA,NA,NA,NA,NA,NA,NA
R_ctOH5MeHE99ObQN,Tarnstead,1,1,7,7,7,4,4,1,5,2,2,1,7,7,7,7,1,7,7,7,7,7,7,7,7,7,7,7,7,7
R_9AoFS4yp7Gzo2Zn,Merton,NA,NA,NA,NA,NA,NA,NA,NA,NA,NA,NA,NA,NA,NA,NA,NA,NA,NA,NA,NA,NA,NA,NA,NA,NA,NA,NA,NA,NA,NA
R_8k2YbbWisKpdrHn,Wakefield,NA,NA,NA,NA,NA,NA,NA,NA,NA,NA,NA,NA,NA,NA,NA,NA,NA,NA,NA,NA,NA,NA,NA,NA,NA,NA,NA,NA,NA,NA
R_0CiOxq8X0HB2Up7,Wakefield,NA,NA,NA,NA,NA,NA,NA,NA,NA,NA,NA,NA,NA,NA,NA,NA,NA,NA,NA,NA,NA,NA,NA,NA,NA,NA,NA,NA,NA,NA
R_6ePCH6RhD85GtaR,Tarnstead,1,1,7,7,7,4,4,1,4,7,3,2,6,7,7,7,7,6,7,7,6,7,7,7,7,4,7,6,7,6
R_6GzBgZAB51UqzTD,Merton,NA,NA,NA,NA,NA,NA,NA,NA,NA,NA,NA,NA,NA,NA,NA,NA,NA,NA,NA,NA,NA,NA,NA,NA,NA,NA,NA,NA,NA,NA
R_3IBLa58HlgcOaC9,Tarnstead,1,2,6,7,7,3,5,3,6,4,2,1,7,7,7,4,3,6,7,7,6,7,6,7,7,5,7,7,6,7
R_5zfIMpbziAYTGK1,Wakefield,NA,NA,NA,NA,NA,NA,NA,NA,NA,NA,NA,NA,NA,NA,NA,NA,NA,NA,NA,NA,NA,NA,NA,NA,NA,NA,NA,NA,NA,NA
R_1LxUAkfaR4RdYIl,Wakefield,NA,NA,NA,NA,NA,NA,NA,NA,NA,NA,NA,NA,NA,NA,NA,NA,NA,NA,NA,NA,NA,NA,NA,NA,NA,NA,NA,NA,NA,NA
R_eL1IUekOS8JPihT,Wakefield,NA,NA,NA,NA,NA,NA,NA,NA,NA,NA,NA,NA,NA,NA,NA,NA,NA,NA,NA,NA,NA,NA,NA,NA,NA,NA,NA,NA,NA,NA
R_2fzJgvlRbwNoIp7,Tarnstead,1,1,7,7,7,7,2,1,2,2,2,1,7,7,7,7,7,7,7,7,7,7,7,7,7,7,7,7,7,7
R_4Udz5JomR17evQx,Wakefield,NA,NA,NA,NA,NA,NA,NA,NA,NA,NA,NA,NA,NA,NA,NA,NA,NA,NA,NA,NA,NA,NA,NA,NA,NA,NA,NA,NA,NA,NA
R_cT6gJKicRCjRLeJ,Tarnstead,2,2,4,6,6,5,4,2,4,4,1,1,7,7,7,7,6,6,7,4,7,4,7,4,4,4,4,7,4,4
R_0k2Vq1XmuvQHcLX,Merton,NA,NA,NA,NA,NA,NA,NA,NA,NA,NA,NA,NA,NA,NA,NA,NA,NA,NA,NA,NA,NA,NA,NA,NA,NA,NA,NA,NA,NA,NA
R_4IOZTchfkhLvk2N,Wakefield,NA,NA,NA,NA,NA,NA,NA,NA,NA,NA,NA,NA,NA,NA,NA,NA,NA,NA,NA,NA,NA,NA,NA,NA,NA,NA,NA,NA,NA,NA
R_6nZbYyXVREWbw3j,Merton,NA,NA,NA,NA,NA,NA,NA,NA,NA,NA,NA,NA,NA,NA,NA,NA,NA,NA,NA,NA,NA,NA,NA,NA,NA,NA,NA,NA,NA,NA
R_9Hoc3sur68XP4Oh,Wakefield,NA,NA,NA,NA,NA,NA,NA,NA,NA,NA,NA,NA,NA,NA,NA,NA,NA,NA,NA,NA,NA,NA,NA,NA,NA,NA,NA,NA,NA,NA
R_3EO37WRImqO7pw9,Merton,NA,NA,NA,NA,NA,NA,NA,NA,NA,NA,NA,NA,NA,NA,NA,NA,NA,NA,NA,NA,NA,NA,NA,NA,NA,NA,NA,NA,NA,NA
R_8AZmph6RAoWXpaZ,Wakefield,NA,NA,NA,NA,NA,NA,NA,NA,NA,NA,NA,NA,NA,NA,NA,NA,NA,NA,NA,NA,NA,NA,NA,NA,NA,NA,NA,NA,NA,NA
R_3aPWh48AGPYvdKl,Wakefield,NA,NA,NA,NA,NA,NA,NA,NA,NA,NA,NA,NA,NA,NA,NA,NA,NA,NA,NA,NA,NA,NA,NA,NA,NA,NA,NA,NA,NA,NA
R_0SNDhMjqbE4OGlD,Merton,NA,NA,NA,NA,NA,NA,NA,NA,NA,NA,NA,NA,NA,NA,NA,NA,NA,NA,NA,NA,NA,NA,NA,NA,NA,NA,NA,NA,NA,NA
R_03dW1aWEn2511at,Tarnstead,1,1,7,7,7,1,6,4,6,2,4,1,7,3,6,4,6,4,6,4,4,4,5,4,4,3,4,4,4,4
R_1BxC19hc2W9gzPv,Merton,NA,NA,NA,NA,NA,NA,NA,NA,NA,NA,NA,NA,NA,NA,NA,NA,NA,NA,NA,NA,NA,NA,NA,NA,NA,NA,NA,NA,NA,NA
R_7WztaNBnwPkys2p,Wakefield,NA,NA,NA,NA,NA,NA,NA,NA,NA,NA,NA,NA,NA,NA,NA,NA,NA,NA,NA,NA,NA,NA,NA,NA,NA,NA,NA,NA,NA,NA
R_2hrKuRbju36RSlf,Merton,NA,NA,NA,NA,NA,NA,NA,NA,NA,NA,NA,NA,NA,NA,NA,NA,NA,NA,NA,NA,NA,NA,NA,NA,NA,NA,NA,NA,NA,NA
R_abIo1HcgNWA5ILH,Wakefield,NA,NA,NA,NA,NA,NA,NA,NA,NA,NA,NA,NA,NA,NA,NA,NA,NA,NA,NA,NA,NA,NA,NA,NA,NA,NA,NA,NA,NA,NA
R_a3lgXVVZMc2zgBn,Wakefield,NA,NA,NA,NA,NA,NA,NA,NA,NA,NA,NA,NA,NA,NA,NA,NA,NA,NA,NA,NA,NA,NA,NA,NA,NA,NA,NA,NA,NA,NA
R_0wGyQzmmNlmbD8x,Merton,NA,NA,NA,NA,NA,NA,NA,NA,NA,NA,NA,NA,NA,NA,NA,NA,NA,NA,NA,NA,NA,NA,NA,NA,NA,NA,NA,NA,NA,NA
R_bmgv3k6bsZ7jy4t,Tarnstead,1,1,4,7,7,6,4,2,2,2,1,1,7,6,6,6,5,4,5,4,4,4,4,4,4,4,4,4,4,4
R_08s47FCbqW4ZsjP,Tarnstead,1,1,7,7,7,5,3,1,2,1,1,1,7,7,7,7,7,6,7,6,7,6,7,6,4,6,5,7,4,7
R_2l3lhElcqe05YjP,Tarnstead,1,1,7,7,7,1,7,4,7,4,4,2,7,6,7,5,7,6,6,4,6,4,7,4,4,4,4,4,4,4
R_6Kj30gczKwjZxzf,Merton,1,1,4,6,7,4,7,3,7,3,2,1,NA,NA,NA,NA,NA,NA,NA,NA,NA,NA,NA,NA,NA,NA,NA,NA,NA,NA
